11 11
2.5535361808395796 -2.5196419907207916 -4.750576762886733 15.30342105066129 1.197693756047124 -7.936063701062759 0.9735730763031594 -6.967041214143393 1.1971165920843763 -0.5044587116368544 -10.820629615199971 5.45794520782981 3.5348009391779427 -5.0458078775374915 0.8774185420363126 4.492596114403759 -4.416351301 -7.787981291045413 -3.0823693599746425 6.079000500062056 2.8405651130050025 -3.842696380138495
-2.761368556020955 -3.1725970141448903 -0.7472707364231619 -2.8176721332729118 -10.439386036133229 -1.810999130103135 -7.037899692317027 -0.5591340490970375 5.728603045018297 0.8435117733375015 0.27653265812545114 5.069175879331688 0.18711345438384475 1.1180862301979035 -6.515133481130114 9.025067519727704 -3.987076729928428 2.070332370070725 -3.4549904039479213 0.5782593666802305 -1.2618460954780553 9.912650218004833
3.6781778031601973 5.776492416270067 -7.378511017713288 -0.8434260581858106 -8.66661979547484 -3.649559624285057 1.3135163303285537 1.6152006827699439 0.4271686579792053 -1.6315328053067266 3.5721496472323637 -4.043455808154712 -13.601294911179291 -9.144045975651972 9.373815112017981 -9.442077678901471 -7.104198318720204 7.275781348079419 8.00887924601216 -0.8579842317828861 3.21184024386193 -8.832315569843686
0.9573433946980124 -0.4355117775270856 -9.501969823157108 -9.933692683408932 -11.103403728675895 6.382062804496883 -15.893526702281472 8.299557187036116 0.17106925844218787 -8.156753540384786 -10.33256077465395 -0.3219893650622362 -5.056337929131415 -3.7380262773216293 -14.596778045248486 -9.515227260616443 5.296867191177959 -12.615242502336729 -0.2680791736572163 -1.0087581194398945 -14.78704310002789 -6.232391856876413
2.6719443247498447 -4.1638288308410285 2.899065374772918 13.689311557820531 6.135735337612781 15.107781934759071 1.250047976501938 -6.613930725453609 4.8568620366461195 1.1790079535147218 -3.467116569301192 4.9144488768664445 -11.647177617367424 5.376915045841006 11.32180573726359 4.899246276762668 -5.64115267110121 2.319572532517761 10.191162221038393 -7.051916599893121 0.07207749256829928 5.8363507093311
4.593901758575949 -0.2537976627543063 -1.868914475851211 12.318222182209505 1.2489587849552353 -6.023862220668702 -0.16688621126855888 -13.870503110308828 -4.004964399737024 -1.1857639709096346 6.760494639693537 7.559621030766109 9.777168503870515 -4.698372275686221 -3.3881674051846034 -0.3894570556575384 -2.634368190971922 4.871207264045591 12.970502863630347 -5.753204283993544 -2.0502223061365252 -0.974733984881372
-0.20440244811260685 -4.41578735498583 1.731832153078093 16.240344386670927 -2.392207929963843 -2.3140440533015316 2.7032938878002044 6.939618688006844 -14.526457399723071 9.97093937747169 3.5299850849148497 5.553134105677191 7.2403393978353865 -2.006856548330673 2.39613523284728 -0.9005313527222601 9.46106305428195 -2.232208096998722 18.34685603036548 4.245808233989688 10.734185736406197 -3.666920288039768
5.664049352854965 -7.45738660939599 -5.326836848175818 1.871611638560688 -6.252252425414939 0.7469984361175033 -16.439016024284594 7.290545426700822 -5.936445370135021 0.4406109248174732 -8.33463432962959 -0.7384836785964296 7.74088747946083 5.7923181369965535 -13.03051026706176 -3.4478887964025704 -5.581185635178979 -2.9761871510989915 2.1892001793778335 -8.543487552170292 -2.340876195613228 2.0763839813645455
-12.520515310248337 6.490045707495832 -8.116220182390581 9.263762240891747 -13.605546284489442 -14.601751119039777 12.062913020395069 0.15434531431249185 -10.799926511417171 3.959516905567512 -4.646108654610422 -9.869411774363371 -7.388072606435985 2.4451074775050183 6.912258888930328 9.582807956209487 6.250538700327372 7.863246039537798 -5.841452050971746 -10.926016308299598 -1.4522392794795018 6.600368152671938
4.176337717985043 0.05409310211786138 5.92813861626232 -8.24264722810104 -2.8799076769753134 5.011887838353053 3.337168448029582 -2.3542535433495626 -5.659850005779123 3.8688148598791012 -2.3563889412114802 -8.117300795350095 -4.860700968562842 6.897334855017579 9.426690423356616 0.047589646456016196 8.865821852038515 -8.242054065549159 3.5158934147481444 0.4862023924282052 -3.7599078238388897 9.066550052945379
1.4557598951660076 -0.05669981528351784 6.5171187945119655 -0.35508508867139815 -1.4276267942199283 -2.774888181306518 -12.6620220670726 5.131652976323578 6.61303107772107 -7.77092587665555 0.10960672175997024 -2.205450910060745 -0.5706975619061754 6.717523819193494 6.056824814053605 -10.943674028299094 -3.1718297787020995 -13.907222797073192 4.805636957285606 2.662340016029336 -3.044386910208206 15.39780864750887
