11 11
1.0357906752365287 -0.6668945729557885 -0.2187580721083868 1.0165437532577508 0.9141219629934646 1.2093082725454976 -0.2723717245511457 -0.7319231627740289 -0.45337837678248966 0.31550556520958706 0.9604979517185561 1.0581656680937546 1.3343795230553208 0.08367394982159722 -0.17438458563647974 0.8966089665765604 0.3244994705835332 1.9871278318042263 0.3224775916641977 1.025301239032475 1.3290200812653539 0.24215620450068565
0.09476932733297512 0.18566564353758128 1.222277880009138 2.3681382524934778 0.864580670806571 0.8766026449246436 0.17479719078894085 0.3738179412918383 -1.1868288435500391 0.3258753530262679 0.17783558528452503 1.7634782736850727 1.9239345788133655 0.7008044263793399 0.1911285860028051 0.6385503294715227 0.5383959333763543 -1.369635033115341 0.7096105071289018 0.6967598521780252 0.42226974471985873 1.1033675273220154
-0.6947520516524935 0.42681791342358283 -0.25052795939696093 1.637931977864775 -2.154702613950013 -1.5400389598660937 -0.9370311683699328 -0.7504319959553959 0.1300569589090164 0.33805408007852755 0.6144240727527256 1.3657662927636003 0.03792780909664751 -2.322257209618906 0.7490514785906585 1.605032146341172 -0.3333220342571665 0.3657702292168952 0.35296318754907496 0.8524444066436627 0.23214587890638844 -0.19706422981625327
-0.8335295194008608 -0.932164799012241 -0.7965210239767015 -0.5902161990592077 1.1418170087298616 0.8574310986854264 -0.02103724862723364 2.132168370364125 0.20175229183820476 -0.8137159220841268 -0.3089864082507449 0.7840767567882122 1.25102939487627 -0.3136474268474285 -1.1078259659660445 1.2676186465202832 -2.466943987709059 -0.2824767783894946 -0.8126210650811521 -0.18432356687233042 2.1134575732859724 0.8407530876540936
1.7915345432465175 0.6798846448565683 -1.3557210457304771 -0.28226846124613153 0.5601480533768802 0.23071373955571167 -0.6338682784495542 -0.896023586128153 1.1231853800235754 -1.4245654340746354 -0.7214631766704269 0.41861433482045163 0.5100624632035043 -0.5684761186842672 -0.7141025194449439 -1.8873413080409993 -0.5657621742277754 -1.2538218430213735 0.5753673422383874 2.356135579349125 0.2664794321750242 -1.6797839499811957
0.3730767588521074 -0.288955097661699 -0.6359445082985752 0.4520736747832702 -0.11555300073222102 1.6733781511028394 0.41673310309570955 0.5096163942113843 -0.037630337988126615 0.8017572270130847 -1.1043801436156675 1.1552378634724858 -1.0388402820795757 -0.5576054838410508 0.13370813633743292 -0.21730318642369395 -0.5423518848548007 -1.5536538742909587 0.7758562454649889 1.449063631321045 -0.48509781463816437 -0.09527013336213397
0.10600966126076916 -0.5094821282512196 -1.5319196815161724 0.4292209898492454 0.9383953482912525 -0.4000046163876143 -1.2313884703451046 0.6590101413642669 0.7889992726970522 -0.49441192565475806 -0.11414028411165475 0.23710815997051715 0.358004858651609 -0.2648628353879892 0.09919417325326696 0.15575086055242682 -1.5948499257649802 -0.8683602378277459 0.48602307646345366 -0.2144763942070742 -0.8721958698461161 1.0358038891993815
-0.24638278974652184 0.16846013823981787 1.0348774353965826 1.196169593517316 -0.8225698192624893 0.2180143403266359 0.7334944972742448 -1.0161563075510829 1.1501759564922742 1.410402097467821 -0.1497631999860263 -0.2124296514714491 -0.5618265472203672 -0.8282295719091891 -1.0031218931176804 2.0322135477164522 0.37684095689083397 -0.25805432861102573 -1.9542854285445512 -0.49199069868956247 -1.7845523362975884 -0.33516486994129274
0.3353219554020881 0.41711221278757665 0.547921927293968 1.753114212662398 0.37882967797842615 0.999789421774992 1.84781180068243 -2.940554978722292 1.0215145321753625 1.1063550976133867 -0.1456535124242344 0.04165133582002656 -0.5504134026410283 -0.30243709031106203 2.15935386916819 0.05404169167059192 -0.19586109240081956 0.24654701910456367 1.3503619339708413 -1.43999164750499 0.6934725579597558 -0.7823637816181378
0.2706810549008424 -0.5001539235071933 -0.49098540427798143 0.1108296318217752 -0.9809729264788808 2.240220335452899 -0.9382598589154956 1.6714148979242887 0.1357300433170357 0.6090888881959053 -1.117206984131528 0.6240743555580542 -0.20172696548308544 -0.6511715684699602 -1.9442309198300016 0.4916952810656957 -0.5548101251086267 -0.11246769849098859 -0.435603620961455 -1.3704277032012442 -0.5951927997295234 -0.6151470624591849
0.5584878874671143 -0.4644587535505616 1.3934979913793173 2.1640225714079646 -0.2541387166248952 0.00020232012983634196 -0.2683985585282463 -0.8034092788586248 0.049742984878141494 1.5545037287061563 -1.2529945219087884 0.8245445741158559 0.6299568957379849 1.4346925537994384 1.355937952644085 -0.8495949299802947 -0.08529482408952282 -0.383765203705852 -0.0926475631125786 0.16650738639525692 1.5900899919040214 -0.07060692299223928
