9 9
-1.3843433484163956 0.9523709987438362 -1.8693957820178722 -0.7153916910952972 -0.21775250169839733 0.5235977828001563 -0.17623820631284198 0.9314471795428565 -0.516379584029807 -0.11864702721891655 -0.18705711007993317 1.0164746541790848 0.40337123685521387 1.4986319682752927 -1.9288382313030497 -0.8269979815830596 -1.2995938255504949 -0.4628776553433236
-0.4868726207066763 -0.6345874545465936 1.0890956529007503 -1.102958631023547 -0.46617020967938755 -0.6734669570771341 -0.41269525056560935 -1.213463818966522 -0.23834035548840485 -1.0076195175268652 -0.08908141242299933 1.4739638928870704 0.08977897088237297 1.028116690124557 -0.7008183857528136 0.4645710260823966 -0.8379859591409242 -0.3238637623256474
0.7490522600649409 -0.683413463917006 1.4580887331495906 0.8261577013713652 0.3568815029617814 0.32434999047956103 -0.865135861708107 0.97406078056981 -0.9341018652354518 0.3460230868079165 -0.915255246179168 1.4683888975166766 -1.0219363084739304 -0.5484050021012167 -0.45651220178970664 -0.32883197060350006 -0.5387497900161021 -0.7365334263352512
0.1411950206823941 1.5775393951902388 1.0321463501842654 -0.27547497016176437 -1.4632099401414693 1.575742739758013 0.0034386834753251756 0.6317623373961038 -0.5304816358609242 -0.3093068475114998 0.563469768570098 -0.8376850454185817 1.5561484836410826 -1.2173493725450402 -0.44797739270728054 -0.2307468684445366 1.5400502526075326 -0.26119189980760127
-2.0265272013301177 0.18885666379736474 -1.5148330405438983 -2.086620034037491 0.5347369036504843 1.229735912313639 0.729605511091672 1.1612798285253407 -0.29576672762202666 -0.9953558695050323 -0.9797254163584841 -0.5178773250685208 -0.8860738703728545 -0.01446275994290548 -0.013781400809558784 0.0641786355880792 1.873753095515177 -0.46805649027301643
-0.18287582160770627 0.7971395647836781 -0.3426670948971706 0.7552540870042259 0.10512396101125929 2.036671571257594 -0.5099585491878881 1.0195781955238925 -0.1478942312781747 0.6478090334777122 -0.7126843626105958 1.1524991569237637 -0.5377069097933008 0.18192577265808302 -0.9832680577432741 0.8385442205751135 1.8778000379800945 -0.32687502397027357
0.9897619619701296 1.329635041348053 -0.2950443014534895 0.4124097879789117 1.3795965400209496 0.5690494764666815 -0.18853677759872434 0.06981438844565957 -1.0040580460254158 -1.9363709017872535 0.8238337156093445 0.8746828391526331 -0.2503250493422275 -1.4726244064911305 1.282498982194776 -0.04726467355129266 1.2578880914493036 1.0571088509604054
1.0266307043404137 -0.5619952553762604 -1.507628517121987 -0.17414938085859852 -1.602427061053356 1.3231437735772174 0.8364215746905945 1.7701296792651755 0.029852396748505372 -0.6832627237107709 -0.04368926122734096 -1.5648227603732883 1.104457614918039 -1.1087641383128037 0.5040206162450626 -1.2323066838562675 0.16208423498343208 -0.8576973972067196
1.7797329328838543 -0.28897797929862484 -0.7032955099812753 0.8876657799272119 1.5380442991840368 -0.7646039932356299 0.6499089836618274 -0.8539243556210643 -0.4416017167006867 0.007596992578678796 0.1673817612493229 1.5626331725472518 0.16227197410976535 -0.05274371910358304 -0.41171150171855464 2.4841657501020427 0.09679105864925237 0.8833908299799661
