9 9
-2.0864174561879416 -0.7143424531354736 0.5130531853133494 -0.8757971289939734 0.0 0.0 0.0 0.0 0.0 0.0 0.0 0.0 0.0 0.0 0.0 0.0 0.0 0.0
0.311688516735767 0.16374223397645643 1.3308070800549112 -1.5957981574469067 -3.027558156239504 0.28891594723144326 0.0 0.0 0.0 0.0 0.0 0.0 0.0 0.0 0.0 0.0 0.0 0.0
0.0 0.0 1.2758799078393384 0.36412618552043724 -0.7986094592112452 1.8681171165473862 -0.3827800926972015 -1.6282326944839964 0.0 0.0 0.0 0.0 0.0 0.0 0.0 0.0 0.0 0.0
0.0 0.0 0.0 0.0 -0.18071712407219118 -0.12914753097631287 -0.7173858251374393 0.2540233010987786 -0.7291691478474945 -0.14435931180330677 0.0 0.0 0.0 0.0 0.0 0.0 0.0 0.0
0.0 0.0 0.0 0.0 0.0 0.0 -1.0158467085919325 1.9124452348050565 0.700712971480379 0.12628618076693718 0.5703166562962958 0.8606994336471535 0.0 0.0 0.0 0.0 0.0 0.0
0.0 0.0 0.0 0.0 0.0 0.0 0.0 0.0 0.3919889483567502 -0.009968314974846203 0.5420148411279907 -0.7103064400778953 1.5690608684088705 0.8660038069347938 0.0 0.0 0.0 0.0
0.0 0.0 0.0 0.0 0.0 0.0 0.0 0.0 0.0 0.0 1.078005111835922 0.24689407031152424 1.2287511806829812 0.26444641435274435 0.1920245586741377 0.654188842796668 0.0 0.0
0.0 0.0 0.0 0.0 0.0 0.0 0.0 0.0 0.0 0.0 0.0 0.0 0.3404104102433538 0.483535062256284 -0.34166768855389357 -0.08051800189290415 -0.14858665073818503 -1.081397998558877
0.0 0.0 0.0 0.0 0.0 0.0 0.0 0.0 0.0 0.0 0.0 0.0 0.0 0.0 -1.6290483374764921 1.7013130343499387 -2.1436803413562835 -1.6143716845032299
