11 9
-0.44101058803432247 -1.6118450616243423 -0.3374495144309741 -2.270002793306995 -1.0650138449846378 -0.15816547954242285 0.24186424175085441 1.4719085117341533 -0.31398941366008587 0.28360832929221363 -1.2624928621928138 -0.2373010094073871 1.2461523031250061 -1.9472826897085918 -2.570069468676521 -1.3928835000123003 -0.39277081947077214 0.7675861106919498
0.9632642951243113 0.5678247096565807 0.3589733702477102 -0.02543386937575031 0.8110870670482296 -0.7217108892383483 0.7672104731481122 -0.5247580490931572 0.9198298798084373 0.5467591092638345 -0.13311146611279304 -0.7520668230331999 -0.02614026105526099 1.1685970698989572 0.6293301444364695 -0.7399762165073793 1.3899641834892429 0.8275056843519415
0.23269186062466726 -1.4008223592715725 0.42639445234989654 0.4018576334419649 2.443531183511803 -1.1003056844020775 -0.8866061516385777 0.7372311038822664 -1.3851985487472536 -1.3369704374912976 0.22006958437429266 -1.7114121482778013 0.3817977458958306 0.8123556975291084 0.6810832075021618 0.12580374784520387 -0.16370901710978977 1.2069447243099003
-0.3215310884560246 0.3245697757367465 0.7720924309609488 1.6218733876890976 -0.4196587249820156 0.3703502742077596 -0.23878545612258192 -1.5337264771922583 1.6310226785022677 1.306302951109365 -0.7196177895789682 0.6141955874307116 -0.749483758622789 -0.055781537469063405 -0.21889314324455686 0.9745479501968228 0.030474485019249587 -1.005490374658588
-0.03220348577068526 1.3648609117758161 2.5088437744260337 1.053180380552383 0.5767782715593183 1.1095036975330776 -0.07977494412104802 -0.45127682400525443 -0.5594715411785877 2.4096806180043453 -1.1548564219872894 0.5584544070487047 0.014082628520458646 1.208386024799055 -1.2126957762728992 0.6371096729961014 1.1061680934635738 0.27127824983944493
0.872080483115914 -0.4664546552519956 -1.2367907641061586 -1.5306216529776795 -1.5495160348731567 -0.2994029204464566 -0.2939254054844075 0.5597019285715094 0.3922107421523569 2.2151336133911794 1.5110684023475556 0.10256218544578702 -1.427575222966318 -0.7722434266629253 -0.12802252371516595 -0.4555428578098143 0.7830506248046263 -0.6958199259894574
-0.5265768049637595 0.8729205438156726 -0.9679658131399157 -0.3643921048482877 -1.1608333520827125 1.0024471720757957 -0.6379939469871223 -1.5138231459133225 -0.8905246592398961 -1.4973538744930608 0.40241625231287287 -1.9008928537114251 -1.0342027814961752 -1.418942850544859 1.9650788109973802 -1.5104305265926412 0.6622163556435221 -1.8252591604502169
-0.9037521768684499 0.8030968239156195 0.2677684315520329 -0.44482861521504985 -0.009340760961548875 0.7575054223916379 -0.9405679745199585 -0.8550402953015265 -0.6805955344194385 1.1926709127741069 -0.5685302058821322 0.05924406147772949 1.074114723603427 -1.5456123905363328 0.048209045638980964 -0.36887432397272896 1.2584732755717392 -0.41815601921315576
-1.3326975945736386 -0.5184400763160191 -0.5805869157788484 -1.7123819802671827 1.3525557782939626 -1.2587215644349297 -1.797373157987441 -1.158816447448748 -1.0107192281305102 0.6025787002337877 -0.7335608243302714 0.9933246717639048 1.1453818184017308 -0.4970953020187698 -1.3064082198414142 1.2484197813411397 1.6199284590489482 1.330477544505658
1.4984767072568865 1.9749930411401473 -0.9031026771916745 -0.057810883995635276 -0.548485689372851 -1.1249559545481065 -0.971881375646662 -0.2401038092402733 0.39065053286304763 1.4871630645294185 0.3678763901109346 -0.2905434418060867 0.5331896521503002 1.2368777195624057 -0.0661390126610459 1.3192645386847874 1.6413047632663345 -0.3360787417822267
-0.8567096818198908 -0.9112240837557222 -0.42673743141816745 0.9188993657681959 1.0659478928720667 -0.9404981538518917 -1.0716813556650862 1.187145633672083 -0.37735548232442756 0.42583955172094534 -1.083001650091205 0.05600670397261173 -0.492987309051547 0.8992195355433756 0.29512674845980896 1.4447875504707395 0.08229246077829941 -0.06882849366073716
