11 11
0.14669472487833513 -0.36603556777241936 -1.6246172507090977 2.8849535842692147 -0.6354281118052783 1.3232387012052769 0.7389343412479583 0.7005853735460595 -1.6940319355958706 2.0391584050437075 -1.5343168960763087 1.4104198959331564 1.0340680767805857 0.9897816491957766 -0.47130499062227077 1.1053712678231316 0.17799118638966638 -0.6142579303881184 0.8285949500811793 0.1744261309658819 0.9631692131205621 0.9472273205168491
0.3134819892983094 -1.1833249028662864 -0.4166035676523639 1.8469405820020164 1.2317084102197042 0.13659965328681342 -1.1130694275770543 -0.28349972786767585 -0.1594498272827409 -0.6884693954348489 -0.6835699976384074 0.7466415444365794 0.1594095409289924 -0.39756033377685873 0.5120337157406796 0.3911668270413188 0.15948540665607736 -0.6218198989544841 0.46637527882185104 0.3336193862742301 0.5340590043832045 -0.5143051808367323
-0.65548583693141 -1.598894097740311 0.4063169902583377 -1.428118276033517 0.2607312101139874 0.3061396933325005 -0.9156233064132449 1.1625966902421818 0.10040867145434502 0.2159749799989875 0.23141996802131212 0.30621323505001796 1.8426819726099395 -0.330792343808208 -2.7105604768158478 -0.31631346992908616 -0.8691028551674452 1.0526894222821728 -0.8354319917534301 -1.9791716030399567 0.929601179413105 -0.6633809623779464
-0.25435101829096723 -0.45437004553151433 -0.826025883253373 2.2175146226842744 -0.47456000477851595 -0.4690285999252302 -0.322665575694414 0.6173003350197201 -0.2612726397900696 -0.6738421408437476 0.562613227098356 0.5181222969827917 -1.4417690614252936 -0.3804443638873543 0.19825866698140193 1.0074224958806628 -0.8512562378746261 2.4062425064625 -0.15847799138911975 -0.8319137617102872 -0.8921977475853339 0.9141398083213174
-0.053788763306306366 0.20555366560502109 -0.18484417171701195 -0.08803441864748933 0.8745597713612207 -2.4452729550263403 0.19286243144388526 -0.0953588214721047 -1.2483561309008513 2.277268544155997e-05 0.5975274061495676 -0.11275553470838182 2.6586241735424307 -0.8962194640932658 0.7655792799826765 -0.8615417830284493 1.22420518336715 0.3537778859188314 0.25850638325739456 1.2977699833960823 1.7326901530136671 -0.7511748372276857
0.15261882193330747 0.19729189203158748 -0.5983695020558035 -0.45026688776995943 1.6940435475488296 -0.0991111656310451 1.0751481788686006 -2.0268289954171412 1.1274986907555489 -0.02867145752033273 -0.27544033069259233 -0.4944184927785578 -0.846405426587158 1.058676337693174 1.3926908636781867 -2.328458157708887 0.6109689660195166 0.5427359815055578 1.0283943003631055 -0.04889097923529506 0.2074652132833817 -1.642995577876189
-0.21461977436675025 0.5270590798810192 -0.4226369731546199 0.26185800682154925 0.776258877138092 -1.2444871234414554 1.0973347153235293 -0.19136586645751263 -0.8296630097797353 -0.3350802031750226 0.6848205011848579 0.10956568396917847 0.09114242307983578 -0.5842618483371615 0.3276370694221168 -0.29786970220364817 -1.6925234098358726 1.67657250089423 0.02826411376438767 -0.7361648638961469 2.486507749794168 -0.4608791132222285
1.2506339822098838 0.7164002507871985 -0.0974888238084562 0.9355163179274599 0.6906144065449298 1.2478273142712526 0.7992690153471875 -1.2919514658132045 0.14318287971119464 0.4347647443071048 -0.23198536532854158 0.0011213199994917211 0.2454121212501177 0.44531808701095643 -0.4292661911371626 -0.4957559259891501 0.05461634082122909 -0.633843488378822 -0.8003383181727061 0.3600149044227084 -0.3368086198716123 -0.3036285478089661
0.6349279520015095 0.7902839761272188 1.182265368767748 0.36448957282702665 -1.3210959122369201 0.8430998790086868 -1.469819788865709 -2.2863625382954726 0.7474761806486088 -0.27131065762965123 0.36602792811239543 1.7948833404337896 0.25216829372842603 -0.521313307909532 1.3241805947152216 -0.4495324862675716 0.2125442159052313 0.5769519641883316 0.36427309905480165 1.8926896441795178 0.4197820057831454 -0.5056956039617978
-0.19841625566057455 -0.14060838965803366 -1.7743201362459458 0.16672887244726214 0.25385858395487865 -0.8935159860291085 0.361670935814925 1.277926167054174 -0.04095882691019137 -1.2143885610758018 0.6682199185661546 0.8681765395104434 0.9019668126647875 -0.18103467416558383 -0.6994796703803186 0.6636687848770153 -1.4535943380969805 0.15582537458539047 1.040429963900443 2.3751415114378966 1.0543282817633002 0.5204493350365422
0.3800859361068878 0.7282805476483803 -0.14789169707247107 -0.9530147109155696 -1.7670772084802007 0.6731869675369777 -2.1658629382558514 0.804307592481329 1.153686013894051 -0.6762431613736555 -1.679134575662101 -0.8563871983252498 -0.033310745509993356 0.2554372333891193 0.4135197371317548 -2.252237606290552 -0.1892399774269652 -1.09017796345136 -1.2478528308630392 0.34757603203061255 0.9813907376510924 -0.3403240521949462
