10 10
-0.7941112265752199 -0.6141227773164067 -0.6053727809280194 -0.19901952702675105 1.6980458907205802 -0.044259818880828174 0.0 0.0 0.0 0.0 0.0 0.0 0.0 0.0 0.0 0.0 0.0 0.0 0.0 0.0
-1.1386838248007378 0.31504348949984917 -0.15168905492350904 -1.4524805693666085 0.9989096819467901 0.7078265859251534 -0.13850676416106628 -0.21559568620971464 0.0 0.0 0.0 0.0 0.0 0.0 0.0 0.0 0.0 0.0 0.0 0.0
-3.0700216477508753 -0.8009615368099741 0.4474869350942224 1.8188243069239667 -1.5047028831674454 -1.094690482271321 1.2928718834194848 -0.3152122085872004 -0.008581842022427235 -0.45777258047790176 0.0 0.0 0.0 0.0 0.0 0.0 0.0 0.0 0.0 0.0
0.0 0.0 0.5151673662875936 0.4872739865904532 -0.09910479078830922 -0.2792767807373221 2.2752958289661405 -1.0392602562921944 1.3869658041769493 -0.27664470217005244 1.9711402567764826 -1.2523561773157255 0.0 0.0 0.0 0.0 0.0 0.0 0.0 0.0
0.0 0.0 0.0 0.0 0.7779534422920894 0.38750386463016206 0.31114573143928115 0.3653433522783023 0.7265851397602288 -0.13901772726458478 0.7306846481516456 -1.8757118634616943 1.7064422579572405 -0.3662998001698281 0.0 0.0 0.0 0.0 0.0 0.0
0.0 0.0 0.0 0.0 0.0 0.0 -1.0339637204797787 0.8199065537576465 -1.4421432405572763 -1.0876493591915992 -0.4712779647842539 -0.5641445101441627 -0.7270652483898631 0.235443398263906 -0.20866325831312288 0.09266730112383903 0.0 0.0 0.0 0.0
0.0 0.0 0.0 0.0 0.0 0.0 0.0 0.0 1.5830898652687957 -0.31615394280706893 1.1084325352896227 -0.32665138112820014 -0.24236198477252854 -1.620794674100216 -0.4543984321845865 -1.2990310199905912 -0.7390567072098644 -2.3263711480494615 0.0 0.0
0.0 0.0 0.0 0.0 0.0 0.0 0.0 0.0 0.0 0.0 -0.29594966041003107 1.1315866019320096 1.1681063011800878 -1.9039129138661635 -1.2819832048541917 0.4762684133977861 -0.6662549209197061 0.1675982493094466 -1.5185924874161405 1.0556484728644853
0.0 0.0 0.0 0.0 0.0 0.0 0.0 0.0 0.0 0.0 0.0 0.0 0.6932493528736701 -1.300440347898477 -1.722187332785574 -1.0058421167338054 0.26797330603364 -0.9886588566972383 0.900700200258783 0.24272478867145592
0.0 0.0 0.0 0.0 0.0 0.0 0.0 0.0 0.0 0.0 0.0 0.0 0.0 0.0 1.1947367613446902 0.33135662733371274 -2.105473362890609 -1.3056741067753976 -1.591841148696363 1.2974668461367358
