12 9
0.07487949204924364 -1.6531829411611954 -0.579159799584778 1.4247114979726123 -0.5837724577910148 -0.13407977471635601 1.0443337149056033 -0.24624377083667862 -1.9006431294984467 1.994207808197742 -1.571413089688898 0.17052971538701242 0.15082592241537468 -1.323940782642658 -0.15125607184136855 1.2163070008918844 -0.33262959358742245 -0.7514358894688108
-1.3521700876793046 0.5566689028515224 -0.7444922859864107 2.480799378128621 0.8212417604957633 -0.2814354859445476 -0.757135031495025 -0.9049536541481559 -1.0657333949001968 -0.12859283731422763 0.7248881482416306 0.13146190087438084 -0.49347401664486146 0.06500412587877498 0.25068217565110557 1.734225110753441 -0.5077058031932584 -0.5239094864466641
1.42235795530715 0.10841711276642575 -1.0721554973837955 1.1144431204498801 0.0553967618676333 -0.0511705190904488 -0.6457143791127227 -0.6384247535125773 -0.5724915792900727 0.056970003175708245 -0.1050290334500862 -0.7548843623692094 -1.2429061161237385 1.7973634631898232 0.3566699359197561 -0.06683615643434244 0.19177992171626376 -0.9461324362290165
0.014799595508555242 -0.7145951853539101 -0.06531786318290418 0.6633560322030787 1.1634302569612556 0.6066903180961754 0.556370359495885 -0.7323425549237694 -0.07473936993090378 -0.12156956631562099 0.2501034867649172 -0.12624014387366345 -0.5461881676976484 0.7325551655105315 -0.3705753537341378 -1.2010636566668187 2.711145631751784 1.0763050448878764
0.09383040666855165 -0.7150586837319179 2.3346949058014084 -0.11984055402495129 -0.8641276157618698 1.4633377612856584 -0.4028390403844039 -0.8536637050177491 -0.6097939061868133 0.3758246734019141 0.011945578173823765 -0.626682042780016 0.019727055487033653 0.8603543068128934 1.2803278215847342 -0.9705543620831537 1.114040013997715 1.2100974219291247
1.2957525335298092 -0.3572693703497369 0.4813118186959865 -2.758109210064055 -0.3005728314630903 0.6104126456455251 -0.4906700412699609 -0.9964788959023646 1.2742456826344861 1.8242307609354285 -0.043300700146554835 -0.769416331678823 0.2514925170490786 0.676707211891465 0.7542358414799486 1.7096290743565745 0.24739591388141294 -0.08124267515975518
0.33763311533327606 1.095869608488116 -0.9218441763944772 0.044670600363409155 0.9086702494559193 1.8601657204863966 0.9110571700843669 0.013718381653406721 1.0993360193662929 1.5891548425107798 1.585799225864689 0.45685224700335525 0.5862430508983265 0.11250383358086076 -0.24967217833017927 1.6256678964154754 0.0032747755959243218 0.4026941108783247
-0.546013871980932 -0.6265799922802776 -0.7626828658363904 -1.7536181794972345 -0.6635324449284591 -0.3259273365715159 -1.6600591174610488 -0.10506146846365783 -0.014323414160713971 -0.12180233339768021 -1.0708378597058297 -0.10776584470158605 0.1078065936686892 -0.4754592591159663 -1.8479338495390718 1.4194380054437405 0.3767354232809662 3.192945227633253
0.011959388477890843 -2.231438373838012 -0.13933620598226626 0.9390421751453851 -0.5053064129829834 -1.715897775513683 -0.7815456317170428 0.5140920299434015 -0.714626960041173 -0.9537558039868196 0.456402028101348 0.8527849899020657 0.5541492380107363 0.038569724178635176 1.369250565275388 0.5326247788948328 -1.2941232693705609 1.9084940616326063
0.7763239317718701 -0.5389376762232784 0.21820307975649678 0.12306987774698232 -1.71534242584627 -2.6726092909231416 -0.4663114994836947 -1.499884121199022 0.1019315353294928 0.846005917757928 -2.5267656614201535 -0.7536749985861425 -0.43835625763007735 -0.7641751280284788 -1.340708255235886 -1.1308562289826722 0.41215190836253196 -1.3424073381635555
0.36413656376676246 -0.021765329079254558 1.2347022042308853 0.5585086890144547 0.4524854457985716 -2.4696820827018438 0.8204989232572465 -1.6387231880106319 1.3042658253813968 -0.8534320739032489 0.9349616623863173 0.09301421484794062 0.10181700205003563 -1.2638011239533287 0.2989784943419511 -1.5434364100284572 -0.2579653925612957 -0.3126234057846318
-0.39884747129069564 -0.32985348381026747 -0.2748141525334638 0.5838055855574841 -1.6305967947322593 -0.31383450178823996 1.7990523206884022 -1.7673401254495005 0.8929359459522894 0.11955281731413016 0.05463152440290331 0.47292779906861127 0.6904440483136993 0.8829691897273914 0.022408599113570366 -0.7578820890140467 1.5971368462433397 1.6280258741883018
