9 6
1.0152816053488671 -2.254476427177879 1.6352606584509541 -1.9278624950004173 -2.107120633967717 -0.848691477416124 1.9491583445135585 0.5261673228185139 -0.3363095520058365 -0.6356783631576515 0.3259821267089069 -1.1852591942344106
0.6145852207547194 1.4580365018139063 -0.7438509865642395 -0.5874547797549152 -0.09864982898256595 1.4033273088649545 0.28410722696083984 0.7829454913847571 -0.944743934957954 -0.27282757191443807 0.7643728206282872 0.9743971732163473
2.7621149130562745 0.019462590480885063 -0.20075531355348852 -1.1112994897810895 -0.005169023098916524 0.31320977843218994 -2.6611579057568613 -0.2299849766218521 0.2750965441130461 -0.8189798095905398 -0.4859708004415778 -0.33389039770894313
0.5530194964186336 0.43060045431197574 1.284217482939564 0.054479031180026075 -1.151835010382707 -1.498547508140084 0.23877784628665932 0.8486122763431173 -1.3630582297653984 -0.7909291425436549 -1.6482850163009524 1.379725794486586
-0.4637078022029678 -1.313395241759903 0.21693184191126147 -1.03320811982661 -0.35025670279964877 -0.7658862719734572 -0.5808585796271122 1.1470630884152342 -1.1394197163505813 -0.8964356368625733 1.6395587154442843 -0.37848066885874904
-0.7645269255024789 1.1127904317422006 1.8768928281477906 0.8325345976465776 -1.2118196322437396 -0.1291818151269171 -1.5607335799980409 -1.6583512489755572 -0.7038862142811383 0.02812351498932931 -1.4034490917427276 1.4383965170924595
-1.368458212973633 0.260126910978984 -0.7281156570184922 -0.9240552701286456 -0.7051009568378951 -2.909125486187278 0.7561451001618198 0.7083461333247054 0.6951052028706608 1.5925370414567332 -0.23342933422610027 0.984992229760787
-2.0435775578490847 1.2676951343646745 0.10936437775866911 -0.1825785407763107 -1.5229215311227746 0.5769325032223516 -1.607509902706457 0.10190112979095371 -0.2424464661884453 -0.4784598677397968 0.363809300556003 0.9926944457408099
1.8882881475750029 -0.6881364142775365 -1.6989223843101897 -0.6318998281231897 -0.24067034885682065 -0.8239051404391842 0.8228058606601883 1.2915270859665908 -0.4934520324942412 0.2348816115319892 -0.35795684438659725 0.17864909723448147
