11 9
2.3201247321498532e-06 -1.0568061012298401e-05 -4.128804237483029e-06 3.028591662901403e-06 7.378768750873888e-06 5.1375187368794935e-06 -8.035919896119117e-07 2.242865312251362e-06 9.124836087364592e-06 -1.76614769741818e-05 -1.670054706018787e-05 -2.0876032362207093e-06 -5.365235867980022e-06 8.07164796020338e-06 -2.037259034078748e-05 -3.991170539144592e-06 -2.4630956112832474e-06 1.6483039266988185e-06
5.985449578056137e-06 9.580994632750255e-06 -6.1852107948245625e-06 -1.0362692041911517e-05 -8.111971752711719e-06 -1.905986571915634e-05 5.610237072754542e-06 1.5555178390656813e-05 4.736839970985442e-06 3.774629224871237e-06 -8.497479813548409e-06 -3.9218242960825926e-07 1.6347595726596157e-05 1.0995356590502127e-05 2.2318371391923964e-06 5.739957018136275e-06 -2.0739947034363472e-06 -1.5511669670147695e-05
-7.372597453523847e-06 1.2165928797547985e-05 1.7313306940090376e-06 -1.3993802916935475e-05 4.342884872192616e-06 -8.722248894252475e-06 -8.71295259304378e-06 -9.822333998715988e-06 -3.181194804743705e-06 -1.4466689938111869e-05 -5.8846180094392585e-06 -1.2208713076772814e-06 1.3637161823993525e-06 -3.1942540409897925e-06 -6.422016287582144e-06 -4.0818714669026765e-06 -9.383588788845583e-06 -4.366580880813665e-06
1.0235914222800387e-05 7.33214319938781e-06 -8.837917848818742e-06 -4.551308530304215e-07 -2.660793334691349e-06 -3.7377749903816613e-06 1.568749183472547e-05 5.602957020162973e-06 1.6279784224049946e-06 -1.663704941291463e-06 6.129196772628842e-06 -7.661002156220657e-06 6.015519739391297e-06 3.693630503406599e-06 -5.7561565475987965e-06 2.153670780596123e-06 -6.393056254060295e-06 -1.0640623929828957e-05
-9.769414649940427e-06 3.291814900085788e-06 -4.264494805094232e-06 -1.0553125366243262e-05 -5.9665914967708985e-06 -2.6154844387253138e-06 -2.6010715088547024e-06 1.9318173176053393e-05 1.4344461739826692e-05 7.148409409125091e-06 -2.6691538368210435e-07 5.650257476935971e-06 -4.5740186672095685e-06 1.4765226689776937e-05 -2.35731839834682e-06 -9.402455779195024e-06 -1.1530672792102384e-05 -2.7459297158614516e-07
-1.0533281014745206e-05 6.0591352604596294e-06 1.6167203564779158e-05 1.5489093502715783e-05 -2.3719533601074725e-06 -8.905623250018925e-06 8.464347498097879e-07 9.156972028204441e-07 1.596195797654389e-05 -2.177654684939865e-06 1.3314705787201646e-06 5.641373344190086e-06 -7.881283207389543e-06 1.0269627790399243e-05 1.0168958157838086e-06 1.636829152075123e-05 7.1984573935945245e-06 9.188993884689126e-06
-5.70034949184272e-07 -7.644935780282702e-06 6.847994975069678e-06 1.7762740777200796e-06 3.428949525481723e-06 3.986889376569937e-06 2.248232210064452e-06 -4.455085507150605e-06 -3.931431365341086e-06 3.2404265831911282e-06 -6.093176842439285e-06 -2.79308446478643e-06 1.1298219103355096e-05 -2.3452279572833557e-05 -2.952485329798046e-06 -7.558453055340983e-06 3.7543676419153955e-07 -7.856023164677998e-06
-1.7543340767902407e-06 -1.130570000405386e-05 8.098835459675124e-06 1.6403244596401932e-05 -8.601241718268507e-06 -8.017404047587956e-06 -7.027520716873928e-06 4.970912059124258e-07 1.174573962642899e-05 -3.518655832818967e-06 8.726767106011117e-06 2.3058555827624827e-05 -4.652734434903949e-06 -1.1846443177952298e-05 -5.077649145469433e-06 3.0931514679470215e-06 -7.737742124593383e-06 6.6998011827221075e-06
5.544017203587538e-06 -6.910291498498821e-06 -5.624819809694479e-06 -1.8202172434726436e-05 1.3523345132429432e-05 8.097667066630099e-06 -1.090700649644502e-05 -5.251902144594411e-06 6.456490384129456e-06 -1.6009264616833534e-05 5.780733475899614e-06 -7.368224395325864e-06 1.3877844329804097e-06 1.6728087907878445e-05 -2.1341164065234948e-06 1.5097739661895624e-05 -1.8621527023587684e-05 2.8435581946363013e-06
3.3411384257760868e-06 -6.3628304295970825e-06 6.109896676845894e-06 -5.560928073962286e-06 1.0830568415974851e-05 2.7775119765905703e-06 -1.7455442204272614e-05 2.652967875292728e-06 -6.218337992315132e-06 -1.854004448792311e-06 1.7402358452997513e-05 -1.0283707229412584e-05 1.6678217072091444e-05 -1.043620796176494e-05 -5.7064351566028225e-06 3.4168937437732726e-06 -7.248184233976979e-06 6.891989016264977e-06
-8.62755131339611e-06 -2.0540671586940197e-05 6.762204877464616e-06 -1.6252740778400867e-06 8.582970680704619e-07 -1.837325077303117e-05 1.7183235437851124e-06 4.473010386684179e-06 3.7748894423264364e-06 1.5881040047052862e-05 -1.7545424394785986e-05 -1.527303142921877e-06 8.710339684643482e-06 2.1210566847641104e-06 1.8561208818229796e-07 1.4856280512293494e-05 -1.1069634887406223e-05 6.280673106436016e-07
