16 10
-0.4120254656193583 0.5497430524927699 0.6629167934404607 0.8548410142237663 2.375210430313415 0.15435370223504175 0.551985277782212 1.0446307099984513 -1.5407446984322255 -0.23287061732224457 0.5281735272573217 -0.7911498530746814 -0.10416162658398533 2.1074407261876456 0.5241771820900156 0.545528425593136 1.3737931388010882 0.8491345012229398 0.1064707887659739 0.23460200456227223
-1.6715215797725842 -0.7590471962024067 -0.24391896792334036 0.7015263475800326 -0.8898079982046476 -1.1821913306429621 -1.0481994057943216 -0.767892925962327 1.2471761277545785 0.09620556091960936 -0.81667934262701 1.9323562153917626 0.09861945325783382 0.10444792322537037 1.2195262637609776 -0.0503198270614456 -1.536164201688759 -0.34604403132808725 1.590777017800441 1.2640178718291175
1.9247875041856313 -2.2405753676420783 -0.5331195753894955 -0.279219965718674 1.4669576300320992 0.3382550864180829 0.6323446672262938 -0.298632138721474 0.4363352432233615 0.7140243050406431 0.23797807655548053 1.8965219718612976 1.4671681380324042 -0.8179015587099129 1.0997703105226921 -0.16303647145351002 -0.7662506854833685 0.21599640403920178 0.24001419620810616 0.2911554843028638
0.33189630070349313 0.06191777191851753 -0.8339628947446934 -0.6643842693050857 -1.3024430545801298 0.03839258873548745 -0.8278560203999179 -1.0736900503247118 -1.7112835099430055 0.4657842101525949 -0.866379619309812 -0.929375267802528 -3.7332039943568325 0.8245011391369289 0.8935934628411636 -0.05079172133691788 -0.5938282450655044 -2.1481482984039717 -0.6068029608608553 0.49490439742475967
-0.30383084545035133 0.7827035273279259 0.7283398661596533 -0.3276618800816365 -0.21389972812080624 -0.5438270238393618 -0.05896304218370441 -0.02202836878331128 -0.858672095824084 1.0176561889175937 -0.8252287653663435 1.4654990063574895 -1.1727610247223519 -0.9442639060428889 0.8521213421214531 1.0787303484973967 -0.1733928944947166 0.031887235836152716 0.13109597512850993 0.20698800736646622
0.8905697796184409 0.5810494244963325 -0.933062227880579 -0.9912262767478662 -0.07722808518021554 -1.2778404133966441 0.5051679560595196 -2.0263839918092343 1.2637385982304945 0.8116662108762824 -0.8024783003942353 -0.35091500296593153 0.3367300966334139 -1.0945665149495176 0.16343448770267646 -1.3903256514674225 0.9253896679004656 -1.6976651507146212 -0.6482115040939272 -0.2380159745229494
-0.09760551205266703 -1.1672969878836787 0.07492595162564669 -0.5508820081824118 0.253151905172911 -1.2506274813764364 -0.2894653030807064 -0.4724853729948086 -0.3230497755133163 -0.18897106640734035 -0.6519843178970417 1.0441259993393985 1.6339552559911799 0.4451878188864459 0.03606655115030516 1.037491184738128 1.30306520221922 1.6668659962729817 0.36672097246334623 -1.897028165176497
-0.5641645461210323 -2.6162942815655263 -0.472205886896024 -0.3728275279420763 -0.297371078463184 -0.04850022989483577 -0.10638808859265131 -0.39558107703182904 0.36517525107998483 -0.2579045947912864 -0.45018210047555757 -0.0715402337885494 0.3252894465691648 0.8656211518190169 0.6202410065008079 0.11388241896494872 1.1151669909846662 -0.7060065938789123 -0.9286464483845857 1.3633123987041253
1.505779670661131 -0.07144150206058811 -0.20908540020266586 -1.621270815502054 -0.8368017727097968 -1.0692537307602372 -0.8574641567783324 0.684225418273981 -0.6714579755073596 0.4973172334128974 0.7504091762897657 -0.983617267586907 0.4899871184150115 -3.093060538307278 -0.9472779753861693 -1.7978864442023148 0.6491455979682761 0.8359784911660458 -0.25477085333347366 0.6082348255029499
0.5503825718783683 1.5465198988162026 0.1673013746553096 -0.3168483960844694 0.18986117249548357 0.7757861619695858 -0.24858456061135747 0.9340514008422629 2.5214058390851006 0.6161477572422059 -0.40723491402575934 1.9386728929878587 1.223142645117121 0.8560648247741529 0.5963331710588549 -0.40721853583698764 -1.0532996936450296 1.0073156670210401 -1.2992883933390929 -1.1647392305659836
0.5525462644482553 -0.9721526573788818 1.2834669938565846 0.9102529459974168 -0.543653733062196 -0.494449754255346 -2.4897316463283308 0.6203290138936243 0.5913485670979938 1.7568385503363673 1.5746242043046172 1.1783746334317962 -1.7471648714285477 -0.6644556990736136 0.9652421009254906 1.2093971180263918 0.2767496827904773 0.8222766756463809 -0.28837477636164094 -0.24746210290871215
0.23818811144127644 0.7748642653897524 2.1241381676017843 0.2728848563515536 -0.3599164569538076 0.5087796438074403 0.13211186688452908 -1.2958069887130077 -2.3689128499531726 -0.6813308383567692 -1.440760180839123 -0.3285787935836834 -0.7853768135365323 0.3514497354233294 -0.7616809541256575 0.17824897217191413 -0.645273237348476 -1.1851214884427668 -1.2132345391877846 -0.6450163808172155
0.16270956577066006 0.012251532227274622 -1.4740729771682415 0.45827099343890804 1.082763934421225 1.699834092639538 2.5935989600905285 0.7796311114044308 -0.7119001115040574 -0.8242050217175861 0.2813686881946845 3.0461619517824805 2.069955703171649 0.5964224994204641 -2.0765860101416385 -0.206951221043331 -0.8831168225425567 -0.4478548335068495 -0.7326037986143636 -0.11497766488874019
-0.7637595319173784 -0.1703681010831037 0.2657498796531102 0.8920075622290359 -0.4605536032574661 1.4620491159219076 -0.35337573702388586 -0.24745675110011603 0.9242830558442932 -0.3904734324170526 0.3206261207294113 -0.8762574842723663 1.8063391345850086 -1.3397073099433006 0.33530453916095276 1.341409855390028 0.06009609815927369 0.652884427513837 0.8819260741015807 -0.7783485966549785
1.5625429935756903 0.09527274661065706 0.32922059314664825 -1.7312619319369704 0.37689393717953085 1.6809111802116823 1.1878576402185097 -1.7997739014471923 -0.19937257861550095 -1.4799882386029555 -0.09286632031821114 -0.8337760622062803 -0.8225700875141309 -0.49174812506272214 0.0033176747268436504 1.6085001019074026 0.2992743682960964 0.5347236768499567 -0.8088419615592881 0.20366324938498734
-0.055281696309607345 -0.09544942769693512 -0.49946294028531035 -1.3240278319095782 -0.9009631802880709 -0.7621330587366264 0.34351260811134776 -1.5328300658815435 0.8591293335460694 -1.7463853447870012 0.02178695712734638 -0.7780757411319356 -0.40660042240977223 0.36452013790417276 1.932461504147614 -1.4251321638114087 0.46843210610387653 0.2332934130241721 -0.6985495319129705 -1.0244489514564699
