10 10
-1287.9590391805664 1469.1094498948412 -460.6444283541394 1199.290418349052 1025.5910827436032 -2260.9624846876495 692.0748865539804 691.5560890955812 1014.7449840938004 313.38314803234385 1251.7951617328092 -1997.8276104255556 -707.6138360540006 -683.664453582685 112.5285129995496 1188.5519901624714 -441.4598392035836 -324.47099011944505 117.26023946152581 322.5090127688013
-648.909313181067 -2228.256586875103 -1426.8721064113654 -258.4150244735613 664.8253608860919 -196.38513015790798 1118.728056136373 -879.8726284215909 1149.229326869802 1197.7259806995164 335.6658408892617 1244.7698675578777 -1916.1536531009647 -1900.3245804403984 -986.4503905652878 1137.4699094455157 -367.58126431725947 -719.9878065695523 -1682.21369212843 751.6682805066073
193.0111128321094 -2184.4903741314547 -1949.7408720218357 1378.6061011712627 1745.6856380323982 886.138515284 -1069.6576978190399 1390.091656649421 -841.1654261844003 1774.933839050969 1236.7688996305178 -882.221058653709 1355.036330290731 -1057.5823057971263 -535.7310151834567 -1236.1182314896207 1341.7545120738978 615.8530088891132 653.797429230258 -538.7011047930052
3019.71166582907 598.0048466899376 -533.2492036086273 -1271.3897728126572 473.20553540335476 1170.8858091881293 -479.83321476148063 -201.9434536795577 -220.10568484281288 -643.0419474642958 -74.15156628800202 870.73901656 -790.5834799143289 158.8058897139922 390.9618502384632 556.532321863483 -1334.7809354202043 -1330.1103534578408 -1384.832842978177 1102.0623822061077
-865.5511428133406 420.63440143036786 78.05347781033515 1821.737527786181 23.982098406202073 -766.4188082081108 1064.1277632520325 -645.8335194734061 -527.1888812693462 -1255.2127349966006 694.6920679961687 -219.63732622320956 -1223.5259194494326 1553.595355740964 -278.25614441278526 -356.5357056414405 -6.487942715824817 -596.1381510871972 -683.0959793865422 1425.7327133708714
-874.8170832983902 -1739.1821415824847 522.2353415431027 -2484.715395227482 -2070.568122054509 1137.0008976020652 815.733748835094 -1314.3697368130163 1494.1915956100688 725.0921912428056 -939.065504756065 -567.3064815768425 427.3352530583708 1127.2694730251171 2799.1866482244263 -1185.5699534352095 593.1400095087187 -714.6599209232577 -648.3148750007265 -2242.2487215452193
1493.6521800670264 -618.6047523469756 823.3258093559815 987.6227246677845 -1525.0734941384173 3714.148534224417 -89.5967400087971 1795.9883451168055 -1880.169285356921 -1620.887397180562 -666.9325745213514 2060.6087425863248 1078.1962769364854 -119.16885842900055 -901.9991476150982 1010.4581896253178 -127.15329842444966 -490.7999652585955 -188.41449490275375 -2319.7485291582693
1813.7524432928076 949.9601207288646 824.3867060081334 1469.443592827958 -761.2561888643288 -138.15173968064084 -1008.345189881811 659.1645028359256 1055.3286374629356 343.01648818949457 1029.2977507634505 1911.6602036853872 1748.5669780645323 922.3780481284625 1740.2992343216365 1570.1280561958247 36.66889821662616 9.386603079187456 1110.4323533239694 26.90071581574191
-740.9839356686332 -12.239584741872635 -441.30833510709493 53.323048613162726 -520.311666971441 434.9024818613218 -1089.7728431733822 -414.8080476866441 -1874.17195950806 -961.2888367558841 178.26933737833272 1003.8122918407729 -482.3639266317063 -1066.138894473722 1290.7083901279416 212.4783199960114 -862.8441075964225 -244.0108368084582 1574.299019895589 1404.0159453851302
-2926.7173349636537 -1399.985251141301 -1084.6509840127683 -1405.8876402754327 1190.1124610113861 -78.93999992476962 29.247717727337008 1117.490697014636 772.9171539753318 422.66321501859335 -971.8902304817757 -1345.8288687313552 -828.5712104871004 -68.46708863789769 -18.956698118759654 1274.4366281975722 -460.29406768349895 81.01785408178266 -694.5109562124185 -1137.4172968083333
