9 9
-0.035205368939704745 -0.10110199133697188 0.0077639196918003403 0.0065513077708182288 0.051441367459728271 -0.14335147141989563 -0.082033318348426559 -0.033852863064446299 0.2063507460621512 -0.11395707628904314 0.01572193342327189 0.096191135435570965 0.11166189938871025 -0.035441079627579981 -0.065246350717127435 -0.072996439269435165 -0.099016138230271583 -0.024424372531543396
0.055570318412974488 -0.063312627939833097 -0.00089480425668688965 0.0045502050851231454 0.12450243800185659 -0.029853035420721513 -0.0083900310534211296 -0.074764544443086819 0.16874611719840238 0.095880817997107903 -0.060712229223427679 0.050863856232398592 0.075448489061127041 0.063604387595985995 0.02299636043780616 -0.082061237290101105 -0.024433052255906113 -0.078934332664878662
-0.065419147115199319 0.085833321817240488 0.0063850286432327319 0.0062351838923967798 -0.13878003465004307 0.09005181695131656 0.022213231579662238 0.10260871782674019 -0.22902529231121382 -0.075793707156270027 0.066804208824373795 -0.070937425330018594 -0.10232095430168957 -0.058762458792587992 0.0063910256319924192 0.10407775599844112 0.046288443867470414 0.079774509215201697
-0.00034759697877575027 -0.037950637676887146 0.004387267282027511 0.013248547758651655 0.039333323317113034 -0.0095259805927802033 -0.02159276000956336 -0.012526292357882187 0.072107856308917001 0.005942120461362204 -0.0091046935696630846 0.032198414688122783 0.037147846013095648 0.010176967896361543 0.0057960856175771434 -0.028037541139753378 -0.022826632410475438 -0.030990397907936763
0.034157761329981037 0.11497025477665564 -0.0043733095772251259 -0.0092631952864259005 -0.054372879760742412 0.15557925974191522 0.095065611632706062 0.042122157418865103 -0.2322839059168442 0.12103763812030802 -0.013346818147803498 -0.1088500400593686 -0.12686615850974217 0.036812174499951118 0.071342587637593019 0.081485276366763129 0.10635630579831921 0.032486256363232512
0.033480649572663092 -0.10294509542040334 0.00039003074263141354 0.0081919758756263776 0.12588754622970394 -0.091472986694629388 -0.048291554436543697 -0.080166866558451358 0.23930708089329022 0.028263835962855016 -0.045260710287677135 0.088705156582690001 0.11513254103141365 0.036333440634840904 -0.013237749338713477 -0.10110404990631411 -0.066264247363616066 -0.079238785046218924
-0.041076127997365576 -0.053650983397934018 0.010765014568194144 0.014919344354556448 0.015465720696916551 -0.057320778297892692 -0.053457839263652072 0.006013375356147585 0.093300189814141982 -0.083535497420373112 0.024543954997303261 0.053619749482685608 0.057104131116238709 -0.033372036893557652 -0.031058179579149678 -0.030583792331912836 -0.05833598734778421 -0.011480618177137077
-0.092572251525847957 -0.0640306848235766 -0.0021651473753803389 -0.0023439540741429059 -0.083612403718334144 -0.17079827571748701 -0.10467767359077516 0.019591483170157083 0.092134570857001469 -0.25359089936626228 0.078941522845581674 0.071612718121481192 0.068887836456849982 -0.1156665413111511 -0.12245325578166617 -0.0067862180913862771 -0.095587482773561272 0.054107759998029428
0.045468838672685856 -0.050028301224721627 -0.0082007128739204731 -0.00011860754658821106 0.076185842829863751 -0.035772908494694597 -0.011371829532600991 -0.062172699029819839 0.12469224966054536 0.061441713364929804 -0.046034891114575607 0.038026121341138579 0.054106026029283279 0.043663057154721061 0.0062206346805259785 -0.05370818267772217 -0.015559278624690417 -0.05155609281050981
