9 9
0.006509655933902949 0.010861704776797982 -0.1290390930098758 -0.20854923852973214 0.08878203846341236 -0.056254305363914354 -0.010723326519041758 0.1660238302219464 -0.030528780604390043 -0.07933645784728233 -0.03067248508338199 0.09191391741826015 -0.01668324738962475 -0.010103618735657004 0.17614417448612926 -0.13651078723174437 0.06151603506963602 -0.003648111052854758
-0.006453949369382466 0.02702686467475658 0.24167826460812517 0.052502352100988185 -0.01644903575059955 0.09257021594432777 -0.09765562123646733 -0.13202473609946994 0.06685194166140802 0.031056097016099498 -0.0070678155890001 -0.08416599123292451 0.026648214147670202 -0.00028706578091306065 -0.05910907681743816 0.20249131134126674 -0.0013571090157104247 0.053651727522020645
0.019462162763732357 -0.06838183822335551 -0.238675389585388 -0.12174009173706123 0.042798288436233456 -0.07559215782068697 0.05350604610001207 0.16301938264244495 -0.050504046122656326 -0.02553448845633642 -0.07829610448006945 0.07879442158660822 -0.04679443173597599 -0.03246803874103736 0.15159218931879365 -0.15299482366083972 -0.05890043490783726 -0.07274639296478452
-0.00042899828886011426 -0.02515798361175533 -0.16467245393083726 0.14682446697484794 -0.0611468202725326 -0.06797710780717109 0.13964010551449774 -0.012811479882021873 -0.052247967803852 0.04291102202566925 0.0676074331551594 0.025076252804876548 -0.017690623503377582 0.01520900705055815 -0.12357271324122189 -0.1278295962555826 -0.03411454063391891 -0.04066659019791567
-0.003608269480410065 0.023723681125084068 0.06975296753109783 -0.019753568821059386 0.012713709601971846 0.023206821984901226 -0.03501804893015924 -0.018366320120653524 0.015616152722147333 -0.00804450820138801 0.004683754569200441 -0.010165068104505421 0.011820946853269428 0.0019964461868521143 0.0025615058218485657 0.04017117641088665 0.025990770110132858 0.02576991638280672
0.0037080031565249506 -0.009745806703079871 -0.16571347989069005 0.008147131841072436 0.002713696082442223 -0.060808062606836154 0.09684255855429402 0.06371936422072322 -0.05892044541267113 -0.0008066022045951289 0.020254631294775907 0.05755059027599543 -0.015512356343232893 -0.0029314840801004517 -0.009486426534058838 -0.14608503057329753 -0.012228637293898604 -0.03187235521638106
-0.007947705937267218 -0.01381866754332655 -0.1151631227384859 -0.022410722864282175 0.014677360798154005 -0.041948209560303484 0.05026036339841777 0.062008829868223356 -0.025664827446394572 -0.012348279147398286 -0.00433004490285625 0.05908533674054857 -0.023622573258495372 0.0025097917067690347 0.036080038017104944 -0.10500209559076508 -0.013632368800375912 -0.001280342943709118
0.02560677343209082 -0.007879734673736516 0.178556535896004 -0.12188442920921327 0.03883517729336118 0.07895712994573247 -0.15256562178609448 -0.01642447684104418 0.06067642602184276 -0.009982739727649865 -0.09556083437686151 -0.07731030029919121 0.013943032427667526 -0.036834239856488926 0.10713558806140559 0.19598218206104226 -0.009439353018820783 -0.007361131472639563
0.03923072971803718 -0.006005863888470818 -0.07165263090601574 -0.21215717000127046 0.07936176193538351 -0.03353479020301925 -0.05631435147702462 0.12549398061075176 -0.009535477013553804 -0.05582877987878876 -0.059026391883885046 0.03189877330073761 -0.013630023830875361 -0.026088146313746327 0.16891147530391074 -0.034617720604966165 0.0439397651223873 -0.03471715933519529
