10 8
-9.165281562123884e-06 -2.0186027865710423e-06 -1.3039600422563927e-06 -1.5961849776608167e-06 3.9238152392769725e-06 3.4595627243051366e-06 -5.899814434296425e-06 1.8868477618019446e-06 -6.043756288596701e-06 1.6676487683218156e-06 3.4918459458738588e-06 7.933602664790905e-06 1.3172062417219676e-05 -2.448361603599262e-05 -1.9854091894682764e-05 -2.0626911322180685e-05
-1.0225076099427991e-05 5.141561470077636e-06 -8.863693146421123e-06 -6.416051308181781e-06 -1.7823488528438713e-05 1.2614672337073129e-05 -1.2239469181915933e-05 -7.544114300276753e-06 -6.1435138183311734e-06 1.2162173469972524e-05 -1.697347925789219e-05 -1.0127103326363663e-05 2.7902443194465332e-06 2.8889092084802896e-06 -1.7959357912610312e-06 -2.272097436205796e-06
-4.548841542101362e-06 9.183649831437762e-06 5.401515197596434e-07 6.5742363536414374e-06 -1.8269217958742079e-06 -1.8303901523057372e-05 -7.71941731257553e-06 -8.93353106860135e-06 -8.32425155196348e-06 4.482315471255566e-06 -1.0588653989907538e-05 -1.732979620073659e-05 1.2334876157224232e-05 1.6010140226762381e-06 4.003923763432604e-06 5.406427266519654e-06
5.072240912083995e-06 3.3095413491087364e-06 -9.230946147853996e-06 -4.839404159696171e-06 8.56992513825524e-06 -1.1860031142038428e-05 3.6374907958574257e-06 9.728493785584377e-06 9.162036992912873e-06 -1.7958768020168374e-05 -1.1618122469421675e-05 -7.907980880628449e-06 9.89835520816765e-06 3.177154940292637e-06 5.872565294422108e-06 5.555881753305798e-08
1.5008887515164431e-05 2.3148086748119795e-06 -3.313432238401558e-06 3.873184204439394e-06 5.9677449519993224e-06 -3.5660058558423167e-06 3.880818472688387e-06 7.14310335677863e-06 6.944767555858744e-06 9.76517083251963e-06 6.859504170058099e-06 -9.65013402672314e-06 -2.2315835891234246e-06 9.306972116857587e-07 -1.1949117445234963e-05 -7.1487079151400025e-06
-5.3501229363816815e-06 -6.1880598811627325e-06 -8.139376048361968e-06 -1.5543173647904853e-05 -6.432467602523112e-06 -7.024252873814306e-07 -9.861859758952577e-07 1.1746038641086432e-05 4.511645923646079e-06 -1.963796977788942e-06 1.3655749630108456e-05 -3.85550497345975e-06 -2.5738096134936583e-06 6.451119672822185e-06 1.4692023263931738e-05 1.2820351141115954e-06
5.271170567264573e-06 -1.3463913459274505e-05 -1.761265260787892e-06 -2.5149027673964875e-06 3.5598034121887286e-06 -6.689238332325923e-06 5.411431948657494e-06 2.4765561993922994e-05 -1.1357397035514386e-05 1.739744341282383e-05 -5.118401643950535e-06 -1.4396941776320927e-05 -2.9052721652264438e-06 1.0914729099244828e-06 3.4295196223662606e-06 1.7058927891685784e-06
3.868097656703312e-06 -4.4547001581225824e-06 -5.074477759185346e-06 3.916215040773557e-06 -8.820461199182965e-07 -3.1788715947163292e-06 1.677661362328393e-05 1.3641136602897719e-05 -4.335199908509275e-07 -1.0047272825427986e-05 -1.9439757358447117e-05 -1.6914609592432137e-05 -6.875690457094796e-06 -2.6221612158772967e-06 -1.6187376842930916e-06 1.0789942757979851e-06
-3.2091028513336445e-07 -1.4405532685236356e-05 6.305547027108895e-06 -2.3359115505818016e-05 7.298062618697956e-06 2.567487955006884e-06 2.369822885496366e-06 2.6628910335289114e-06 2.218620113178365e-06 -6.665867870365687e-06 -7.502619865155766e-06 -1.9318091207051382e-05 -1.5410630830668752e-05 5.249517691539763e-06 1.6165973648744951e-06 8.22882079613474e-06
-2.383678434747268e-05 -5.288654605189973e-06 -3.3647226863309816e-06 -1.0045152623557597e-05 -1.4228857505544872e-06 -6.175669399082268e-06 1.4461137278731657e-05 3.6852398084641286e-06 1.3711054782018926e-05 1.060889458559098e-05 5.411357257727668e-06 7.120565584190268e-06 1.8612138389385655e-05 -1.0371497769753997e-05 -7.761604833938937e-06 3.700950399406297e-06
