11 11
561.537263957892 -291.4274262342323 -1597.9490528524789 2330.7404285784264 615.3925594779593 -1274.6509710013074 527.1299734604021 -1123.0701812529842 227.98162343759554 -22.601168118436842 -2107.5164263369834 355.6170383289519 858.5175947614869 -665.896227039879 -86.31323888321006 802.6429611798866 -338.18169987203237 -1542.2897290330518 -836.138737638779 863.5483690449265 678.8497741869501 -499.3770617362594
-299.88996303152817 -678.4349766600598 20.94841556352445 -513.6681498314687 -1664.4480565288566 -849.1884013419793 -1156.6078069051607 -460.99805305115547 921.1960240322712 440.67338629042314 -217.60040604966113 868.4689292180999 -26.74645888749174 198.12744108724127 -1568.0327242872931 1180.997250687568 -779.6440545914936 141.01558032025997 -612.2354133862985 -82.63870065662627 -729.2149279495485 1604.323651223867
318.64688901569923 1164.921789789329 -1199.1776690463785 -526.6473626205343 -1269.9512270777007 -1066.5583997886613 137.1222003427386 340.58634024872646 157.00030944230548 -252.61853061866944 812.5704382083221 -495.0730294013524 -1814.9906411991356 -2249.4526863124543 2071.3979479416353 -1102.269100384198 -1576.1108906965665 855.5764421903858 1394.0549379648387 272.84601666319116 1001.4468406220461 -1320.680384106455
183.9912217386589 -23.481243675475515 -1083.1805586392322 -2168.8477576146415 -2203.320654509518 496.5753867606023 -3110.2967998739264 569.9883188872055 453.92815368902785 -1365.3375773162468 -1724.0529620706418 -592.7519973797621 -657.078819359603 -893.3058795486863 -1963.3651595598628 -2363.871156110109 1549.888221857369 -1849.363922186104 7.407457004634648 -183.92749419039222 -2166.5129534329867 -1820.6937519677874
667.176965847885 -562.2696162458049 -225.01147619912075 2457.471752408153 246.3774566223229 2865.1420781863517 555.3074846165198 -1049.1689102119328 756.8396505735521 451.7653088177512 -840.2680540419865 647.2923212911503 -2242.5505186773375 298.8877588078183 1652.1680096072155 1415.4867133772211 -1071.3131277305454 96.80202591596361 2084.53666469153 -656.9760125625304 -292.03002372176496 987.0672517820456
787.2096667259045 196.66089892728007 -956.8654927523517 1977.976767848781 524.3713183144922 -949.810689924706 694.7733300737605 -2345.6057273495094 -612.9594802566488 -408.5051316842613 745.0254136842051 1625.9854490749522 1892.12692869877 -282.0260428524927 -550.5424740302343 -242.19734296379139 -697.7126353325013 683.4073864025846 2485.1160072048733 -293.31725204850426 -294.6219944086385 -271.07522453275044
195.70021906512608 -754.6265430184148 -554.6198435295283 2826.4380090227864 -282.4389179530559 -514.5460376358369 93.7792762503024 1310.0776633984592 -2967.0799898296295 922.831168360822 305.320105793368 1119.5669146068578 1324.4469190156399 39.229465908952506 450.6349372213773 -26.842276972342212 1710.3400283836138 116.99981909213606 2869.806684541406 1671.5204453470533 1999.6093022774294 -58.36962313002399
1342.9387365913246 -961.2297584107772 -995.0106454605851 37.710618141433486 -1092.31346679883 -199.9946549825516 -3149.6143003965058 371.5602789247282 -1023.1381351275203 -235.15600197491503 -1365.735012594273 -558.7970006871551 1002.30910531997 1379.3247574046857 -2015.691797589086 -1260.0141283345652 -785.210223392931 -792.3044484131657 814.099141023773 -1325.3155539960603 -502.60689998115896 227.8303550146571
-2447.703955695494 440.91264590851097 -1850.2245505542899 1137.768641451895 -1531.267153406852 -3169.190675909992 2024.320545901968 654.688198177942 -2025.9346222190547 104.24020379568138 -268.41319466439614 -1904.9442847419064 -1372.1774383118893 26.9078056350509 665.1520832763113 1974.7623316927402 643.2837713233109 1650.562891826966 -414.7379811646835 -2145.259284215304 -588.6659170341004 1036.34625812343
700.8119308579194 226.77223579509533 1428.3581105851738 -1079.7672259382225 -746.4130929726608 694.3125019850322 684.9443863791269 -222.72207151523799 -1155.2052786320069 356.8445632867614 26.044787998035524 -1490.4143524880278 -1178.401995571151 908.7401946649827 1585.7324679185463 499.3096842182201 1923.2692835254425 -926.5637607453731 567.0197186367791 265.1537464494736 -1105.993115042373 1331.580614229139
248.22205927356922 66.31717468311804 1116.5128753895417 279.828444751002 -95.90802998336298 -541.9180761307318 -2400.749583761639 204.6751549104776 1519.1643273076786 -964.5968090746208 133.4082899135462 -365.86289729634404 -446.24921727896594 1102.0280905198467 1590.8088963920825 -1528.1305872723963 190.41291828084493 -2508.4012176709984 670.9022636097109 699.00800580106 -1315.4086883985121 2435.56455592486
