9 9
-0.27311212215808833 1.0668118500582595 0.6646759746994394 0.5651603173221799 -0.3852747625247853 0.24287800159421366 -0.6618683870175928 0.4284257921375609 0.3772303874905169 0.5864930940329403 -0.017111700403083824 -1.144820302759772 -0.17067799672478862 0.17457834849658244 0.006966435061680776 -1.7585355774462452 0.13575937551257566 -0.13364700407860097
0.2732363826306766 1.4745888004995038 -1.025309878265451 -0.27740061260152565 -0.8072001353593322 0.23907859619138913 -0.6810509285674461 0.45852196534997025 1.3279756480311153 -0.28289334858827236 0.7698984132152684 -0.2658225850786171 1.8138327988990555 0.10576992972267939 1.1061168679299556 0.3447483800225559 -0.18572355603550486 -0.30857593570120345
-0.6380310890735271 -0.47986133394194974 0.8233603897155638 0.9618501037058652 -0.298310446143587 -0.2385090256856332 -1.1447697255726992 -1.4453688575932164 -0.31048895960404743 -0.8561852457194126 -1.2149638190245533 1.2817875929830205 -0.8955682050913445 0.376254379570217 -0.5607599719824549 -0.7362129132438552 0.650402601309199 0.4824421429058306
-0.43348585695524455 -1.684554653446212 0.8836181743632034 -0.466392691931844 0.5077766416544551 -0.1401822073401419 0.701255382409926 0.1654039795917046 0.47223650897440245 0.10677180683614686 -0.4417872178948315 -1.8999683886125298 -1.416339938502827 -0.4804361597774407 1.5553296144573256 -1.0536105245118714 1.776473106650402 -2.1007732540817887
0.3920151463054489 -2.699020679800124 2.1179111044605703 -1.6031902545838832 -0.19316046170241755 -2.2043900350848356 -1.9173431556745448 -0.36759372821570974 0.41175179216065944 0.17521439602683003 0.8271439619339729 0.3163638306877212 -1.357893345316266 0.31515434456003066 1.815563922319296 -0.4290952548850118 -0.8348243246508938 0.42585046750103395
1.1693906781182222 1.1715609268402605 -0.15758595166591463 0.8406613719050611 1.844722053451064 -1.8287830088382175 0.52869263154862 0.08624260820632622 -0.6859822261547652 -0.07424996436849451 1.0954045641843404 1.4751814753017505 -0.8256440922888995 1.0285231468902238 1.0158793284506993 0.37011945520036044 1.0477317618088446 -0.7722080022361216
0.8286478353586222 0.3292565848897624 -2.702106461087855 0.17060718969814717 2.1107529504095757 0.11301018379697064 0.6918091099711755 -0.14842287393860104 -1.682368385756939 0.31969327590437446 -0.47306383685395476 0.17649121346274588 -1.0717562309575441 0.21723797417442206 -0.6660063464119794 -0.380416465331894 -0.6600379659556135 -1.3619143014496442
0.5122324714126407 0.39701829920556336 0.6851118520771178 -0.42675490731719357 -0.8840136313446098 -0.019683689259933357 -0.5785010561524453 -0.06958586301707265 -1.2468464291502706 0.2701896674940537 0.3756670643100106 -1.368635122237027 -0.07793442873962028 -1.4092596522691336 -0.056473675852405925 -1.2398452985454302 0.7109172105471643 0.4383059308536826
0.7410897829177664 -0.33482013163766255 0.29029705951032925 1.092701065009806 -0.31087443353194344 1.7239045088852714 0.03419993717188807 1.6399118935497716 -0.793934265125616 0.6339255988962939 -1.0768219612287013 0.450144875399904 -0.6153763893961979 -0.8653725629101239 -0.27145914063511056 -1.2016982306619446 0.1940009803091059 -1.8996386681705981
