13 10
0.5131508488460507 0.06485993344371392 0.3301966471990174 -0.9147220069493867 0.4587024800759649 1.8545817041080057 0.18452347560215665 0.15841768492455144 -1.769838057089492 -0.581511020563501 -0.5865006103822928 0.7139578767855782 -1.459046323750161 -0.6506177400332583 0.7387195940850932 1.1268432168540377 -0.03413879701383214 2.217226908108007 1.256102803570917 0.31527591572178115
1.0893020248528469 -0.7583157872210678 1.042925136118434 -0.32992214884253235 0.8355182670417671 -1.1107524822526378 1.0244770338863152 -0.01415048296184057 -0.21752074186907072 -1.0725363882117882 -0.7981990997999568 0.31280363946806383 0.12508742585066351 -0.5040649451912218 -0.08345611248088275 0.759824770852692 -0.9528443322286732 -1.3383023480836023 0.5955059136897939 0.47030740911686886
0.2613126656681705 0.43165947087322487 -0.2759338120548226 0.7135062164008713 -0.7952222345344213 0.02476426644922818 0.5979178373350448 1.107946697884366 -1.4448847139881709 -0.303251897372377 0.5904036437936339 0.5049301550195018 0.5914774420430892 -1.3269151547909466 -0.9175448168091042 0.7994626234846791 -0.4020576195214897 1.005801638446463 -0.7170847295995357 -0.7795086195800437
0.011141189330251386 -1.1754114484795144 0.24878878413605557 -1.3149812493990922 2.5230779060488904 -1.270718044972647 -0.3485131228530379 -0.006566803334805832 -1.5748400588005604 -0.33639829231960533 0.2300253168162128 0.5717314519422011 -0.16039330933459905 0.12488371702600062 -0.3078528816000799 -0.4904228991369229 1.0049270339848748 0.636713292824264 0.7704425494503938 0.15989936784925138
-0.7381839235671548 -0.4609913148288857 0.16922684603480107 -0.2289619310578335 -0.39853257691299343 0.2552403054481493 1.2136367251286038 0.5705455423177526 1.1701005769663224 0.18263051341037412 0.2562919772155984 -1.297232955595609 -0.5680241369670672 1.018443508066447 0.98304755158549 1.4090967098691596 1.220846445221565 -1.0570116963295522 1.1136036237762585 0.8208739187238289
0.13185154989255252 1.285135509549774 0.06066447036770045 -1.6088635883540785 -0.35593808481397204 -0.34530134439266075 -0.0949040062859286 0.6868723648074601 0.44057526864913515 0.3529476554465023 0.3990208191795789 -1.0135049239075742 0.5341875529295885 -0.7191722422175008 -0.40888824041390215 0.651610742939802 -0.2747045675660041 1.2088875661374072 1.0800047804635868 -0.020606880094853692
-0.055630258339895176 0.9813633608075879 -0.6274659264088889 -1.1418956457345957 0.5908930210811295 0.6966858223515725 0.28804651062989783 0.29764149941193463 0.4589487881102575 -1.7076761802326454 -0.23390761828852719 0.13342041737867075 1.1445224146303163 -0.7419280192038921 0.6953871533654657 0.1146664772611025 0.3473380247445736 1.2206999694029579 -0.09526987822807412 0.5490763307304489
0.3436118043643884 -1.0296171100966243 -0.027452113286573432 -0.7465748227524602 0.9150934346241963 1.5735186307247282 0.867924378819762 0.6293568860133453 0.6349552908998387 0.02997469343455918 0.1485161167285028 0.10040990968850613 -0.3832776405272347 0.7282847977576864 -1.3458054857939716 1.7036198021671216 0.5060138801733627 0.9594928114793877 0.3270888948688397 -0.8903826445231487
-0.45741169479280025 -0.07683473028225216 1.890782238415879 0.5733661653525206 -1.2775949535153295 -1.3855206478114546 0.7059679485879442 -0.10875895873360723 -0.7961378727777048 -0.4141206043187057 0.7632843279401171 0.06808629696773816 0.3586737826263452 0.4034681341944645 -0.1443082842044476 0.5837494169877435 0.6031179455761047 0.4710004157581335 -0.7592099510202004 -1.264484563177689
0.0708975680531319 0.2740155666107496 0.692486063789135 -2.673008078814827 -0.4578757091088901 -1.1870297112831887 0.7296841026245949 -0.5071904563965546 0.2777290727474332 2.028072036693344 1.416734387266567 -0.6720269998361691 -1.4200798028192614 1.0586677204902282 0.3052419157622945 0.47553725354914056 -0.1598110435872094 1.0990373614737776 0.08149065395871873 0.7968822132608057
-0.9354822014692286 0.05251242656476928 -1.8503378509870954 1.1009153898461377 0.24879458255203504 -1.274288341774486 -1.7567556511925067 -0.2538888642848094 0.009812052181285107 0.4035593486239857 0.6485060066291609 0.4209917110040751 -1.5523695878838653 -1.7210756990096734 1.2824968628023834 0.7547440979804825 1.0907890125050974 1.2413281069700846 0.4269454664091972 0.3995670970273323
1.2045060596173265 1.559207609373488 1.0035584469468397 -0.9953102954798586 -2.3892180524096776 -0.42840589844033655 -0.001547489148622502 -0.8819587792139844 1.0013519161336857 0.20275778090486063 -1.6789333133441953 -1.2905385999564682 0.16664917695984052 1.6484418313328186 0.13575305907850227 -0.7067026289824432 0.6605089916353191 -0.9197260230828 -0.10557177499186049 1.0786010815614209
1.629539371436196 0.8522549706714095 -0.7825029563092394 -0.08564943641716764 -0.27452937271600253 0.5966531228997269 0.9005419695917742 0.7476691974691847 0.3390275550890641 -0.6711728380144256 -0.6046210677648296 1.403998618627271 -0.8787664959576855 0.5743313253293564 -0.19200851099325122 0.19143921720942206 -0.6714967743530121 0.2645104360053534 0.5240996203646752 -1.344794047681197
