12 9
-8.33451100590959e-06 2.776450356865452e-06 7.68230042626103e-06 -3.189237418921506e-06 -6.175341784033112e-06 -1.1160217196971277e-06 -9.575962813216133e-06 1.4297981250004374e-05 4.666165875386977e-06 1.5432725276922738e-06 -2.1776751472649414e-06 4.884407007937338e-06 6.351513314861418e-06 1.4265444380626836e-05 -3.173606354229603e-06 1.021628190539776e-05 -3.0539002171402493e-07 4.8625337666192754e-06
-1.0744405412569024e-05 -1.8253777377546578e-05 -1.2995574658641802e-05 2.234146300204618e-05 1.5104462483224282e-05 -1.3626197063917767e-05 1.1032357900659223e-05 1.1434851372154885e-05 -2.6958767180164286e-06 6.128702802358469e-06 -1.66342296997692e-05 -1.89484404390694e-06 -7.783329923695754e-06 8.298616992908652e-06 4.9085506820038535e-06 9.38857799635007e-06 1.251835572824905e-06 -2.1975905943786788e-05
-2.0699721740543164e-05 -1.0118153749437405e-05 6.86225667334382e-06 6.01049332407791e-06 1.7466368685273877e-06 6.3448534460696286e-06 -1.8163388387043515e-06 -7.313521475150529e-06 -1.198018136059366e-05 4.40790233556202e-06 -1.5993510316487879e-06 5.1474239982320685e-06 -3.6768408354332655e-06 1.528227136346345e-05 1.0543693884870068e-05 1.3086213416341843e-05 5.6321857191943225e-06 1.2126892116286276e-05
-1.2463886653673333e-06 1.3974534668446768e-05 4.0698935919908735e-06 -5.0430053489320625e-06 -1.2119488760173237e-05 1.8059391612821108e-05 4.554167147181015e-06 -4.207643419863191e-06 -2.367047540879562e-06 1.9343896632652657e-06 2.0228806676427232e-05 7.363757313750396e-06 1.4425774336589164e-05 -6.098481506555082e-06 1.3973406310688196e-05 -1.8900920679944757e-05 3.5495651150056815e-06 1.701185409069219e-05
-1.481277052955864e-05 5.2940889711516974e-06 7.128879028817452e-06 8.110338575513343e-06 -5.647693105241147e-06 -1.0387600460637244e-05 1.1193933644471864e-05 -8.254480543988703e-06 1.1691021102708279e-05 -1.5314649848382523e-06 -8.743998560090498e-06 -5.344978886409253e-06 -8.709063128448059e-06 -4.165347474093558e-06 -7.841581846360916e-06 -5.289505229734673e-06 6.935969708670582e-06 4.5383244030815794e-07
-3.441298953632361e-06 8.471180569997007e-06 2.266329987061308e-07 -2.1683975009178387e-05 -3.854694011457931e-06 -5.060760325312339e-06 -1.6591898929094008e-05 -6.190330545459946e-06 -2.1887458368773175e-06 1.5444651011243912e-05 -1.0659320402401762e-06 5.576043142337232e-07 1.6112612505492046e-05 7.844957523197617e-06 -1.0049928894313027e-05 9.90796103633988e-06 -5.646151295815632e-06 7.220560599412546e-06
-1.1036293993208744e-05 -6.148558132257405e-06 1.590797809722546e-06 3.2220855029735087e-06 -1.0774972017565665e-05 -1.2030168558350591e-05 -6.633873626355623e-06 -7.537265924991646e-06 3.3435670310354447e-07 2.1188094122601875e-05 5.713582371580078e-06 6.733817516996654e-06 -3.1380121664318586e-06 -2.7242320100996225e-06 -1.6497871965298405e-05 -1.7000073419311912e-07 -7.075800303897147e-06 -2.5849912421606845e-05
1.0787623522041995e-05 3.670218435408097e-06 -4.006646444891759e-06 -1.0878642084211746e-05 -5.230870199300131e-06 1.75928263859902e-05 1.2157499255240409e-06 1.3593705149439139e-06 -2.6917244536185882e-06 -3.0739212589081625e-05 5.491202985044882e-06 -8.607436920750359e-06 1.0306569520262055e-05 -1.0693225968346327e-05 2.1321865181561053e-06 -1.2443170853422872e-05 1.5055793868854257e-05 8.346983510149528e-06
7.189230091114272e-07 -1.033870643955055e-05 2.1892857367608668e-05 -1.0243410889029246e-05 7.328540735018895e-06 1.052455697259702e-05 7.959076207152269e-06 2.5983091961252534e-06 7.6279313381922225e-06 -7.126174703221531e-06 -2.058046006974019e-06 1.23443346177365e-05 1.2937956223375668e-05 -6.529495379340302e-06 8.38590413120463e-06 -3.4747213273339416e-05 6.0222214639733494e-06 1.4963074446846118e-07
2.8929543054237086e-06 -1.6654593762317827e-05 -1.13634912837012e-06 -2.183506964730161e-06 5.3064963653391945e-06 -5.662979068694642e-06 -1.8694699191525706e-05 -6.191639858799376e-06 -6.092115810856423e-06 1.26459671566142e-05 2.1993145082724362e-06 -4.098312430340836e-06 -1.7262022342834554e-05 -1.0399014531065704e-06 -1.758367313624162e-06 7.950216164823453e-07 -2.1696478930607546e-06 8.51483041653654e-06
-7.987562592114657e-06 -1.9652435790953407e-05 -3.6424502186258827e-06 -1.5138247247019034e-07 -7.649606999109272e-06 -2.7006595598847198e-05 -1.3137832725439376e-05 6.374703510522854e-07 6.095255660674532e-06 -1.0064604857067902e-05 -6.206442864595145e-07 8.382135060184576e-06 -5.633310227962928e-07 8.275577678587389e-06 -3.7193944139961343e-06 -5.157011106005928e-06 -6.1610399147605015e-06 -1.3956045001201036e-05
3.884395226449001e-06 2.5606173814745988e-05 6.236473756644289e-06 7.518481459365708e-06 -4.52415045071775e-06 6.816595638065565e-06 1.2296178887806886e-05 -4.117389974870539e-06 1.3641229394401364e-05 -8.947266694121262e-06 -7.388681307708233e-06 1.3569769012555325e-07 -1.9096330199350594e-05 4.827538674764291e-06 -1.1235319813916664e-05 2.6740922344400144e-05 -1.2317516547967574e-05 -4.921282617272562e-06
