9 9
3.086407716326013 12.520186698550294 -7.473095131385765 8.651429058798753 4.7884695598265585 2.016366469418187 1.3074139167595908 -0.36152565496979533 1.494047611677221 7.730513274544046 -4.153997735829955 13.357114518738776 3.8527061218696828 9.33133450873502 -15.163736474087024 16.70245976419401 -1.839406354217058 3.563332014377844
3.8723597930115887 0.3073041808384288 1.3344341143761898 -3.2098176228315713 0.5114156719260107 11.729529966531663 2.463269712290012 9.910609777697802 -3.4572468475329883 2.172207132627025 -3.1486736972374785 -9.152210827576939 0.045917299197846956 -10.448354253757234 -0.7472313094851042 3.273070880131002 12.14351986114698 -9.883589387829273
-1.69013799261221 -0.5480545662977742 -0.5924083822592638 -6.429781605033568 -7.833979347099627 6.955715488909649 -0.008047230351303522 7.158822739473811 5.633172947362882 1.127838790886082 -9.416841293135617 -3.9888525369616605 -1.7183163909667185 5.090423807325379 -3.646245956491505 -11.499806859713416 3.842227980602426 -16.95857218490265
-7.516595757967743 4.568840378235821 -0.9751400374175749 -1.4836765026928482 2.140738248381732 11.90239055731198 -7.585919959200966 12.364483406920725 1.666437505656651 -1.201222469450048 -4.675917883676217 8.189168023573318 -2.602706388655818 -1.3625110039821757 -1.8991027662349436 -0.4816291749933174 0.8945039155303894 5.123781152082374
5.275532145973231 4.178930380064654 1.4255370739760893 18.504683870762744 5.39901307265912 4.033932862169151 7.4960500257628455 0.42928450825676456 -7.723263605137606 1.7892105105789777 -5.752802341596328 0.986628695444732 -2.135693449888386 -1.713892605603679 -5.59901301448428 -8.044175617208781 -1.589162989763308 -10.191344303437614
-4.109569907003085 -7.458646201355814 -9.849507286791939 0.33655965293218765 6.584144950436087 -14.162612835817235 3.0009227886342504 -0.7189794597485688 0.220705236876038 9.51762509450248 5.702035212934966 -0.6187363804920474 -2.7717639941848313 14.079233174732954 2.5090401934285977 2.3955601255009045 -6.18107381566965 -5.668046377194568
10.215584405594747 -10.80887130474257 0.46705048836048585 2.258263598042456 1.7399609394184876 -5.031598968984087 1.3081500868947922 -1.8330469374590064 1.4249299229746364 -6.108903205179816 -11.172779347398741 -1.5273870631241289 -5.2214360863814475 -4.274343931416027 -2.1094934697785437 -2.0778669453555896 -1.6591988815112737 4.620322558449842
-4.775215665981468 17.576189668046943 -13.0044702143995 -6.779052577923333 3.059987401088801 1.9069054011019564 0.20916842111274386 -4.0343535319279535 -4.246662998603678 -12.021702910100553 -2.9236723038226193 4.101546975176904 7.192205383216485 2.3785633507434096 0.5002758941081722 3.3767124734232774 3.8010323666158636 -1.3614989892320966
-0.2411466580502458 -2.6662198115348095 14.067794247250523 -2.8075148059874255 -0.3748086788511802 -17.091526316084394 -12.91791647071761 -2.712383088896908 -1.3765499453184495 -0.534391329350654 5.096161891455463 9.45996634341532 -4.687136514325379 11.205233339803103 5.514978202140324 -3.1953612442544026 -2.0183635259350146 -7.101953187949123
