10 10
-0.18912666837094227 1.571279650638304 0.24057031640760995 1.0124880552976294 -0.3484638336859819 -1.9806765072820054 0.7790003991056311 0.14580072443888686 0.8217534315503229 -0.25461469785364443 -0.07687905534051885 -1.908217898451892 -0.7857795775953159 -0.1334174123867758 0.618858424427124 0.7431477600205219 -0.4435501257618444 -0.015010521375535265 0.22590630903394213 0.1619830398760647
-1.4530063001918594 -1.1929183966800103 -1.072142945260172 0.479865105108717 0.35465100235245384 -0.43537649113362825 0.34549424944792584 -1.099936487236768 1.3161497394540242 0.2751091285152339 0.7937520534791443 0.6786729148869848 -2.1502420614797573 -0.3940573657625689 -0.13923759950858736 1.2116534755477955 -0.5750616482221633 -0.31322769121488886 -0.7808562453823038 1.2719545584466687
-0.8701151093264807 -1.548740363175624 -0.6729615412894661 1.8134623108029329 1.572400139769158 -0.20601586068994257 -0.07932102269422175 1.418603742733208 0.2494607118133829 1.571384235117275 0.42333733466043155 -1.1554967277729105 0.4221983425851279 -1.3268298159158827 -0.9235502166704097 -0.5813818673146455 1.1787238164983955 -0.20196530141829297 0.1907077999588183 -0.6591907696368947
2.292373041963702 -0.9813712159350029 -0.938023673819776 -0.6060981050406662 0.8519119002866943 0.5663684207216919 -0.4131626508957599 0.0844577470072189 -0.4412716536718179 -0.32923807438250924 0.3486887836639734 0.6160559298933734 -0.45591587863484667 0.46777251369984385 0.5159307621013095 0.19325417574772258 -1.5007525670065045 -0.27874721559550714 -0.4217745133106766 1.370195848995366
-0.3862795754321103 0.677109348306781 0.8854197640098648 1.1822377917630884 -0.33451545693657003 -0.5233649653398663 0.4160368618786489 -0.9184942382947101 -0.9265728495920688 -0.5980547109069204 0.3639834280955436 -0.46458254776575053 -0.10740671751001167 1.5982926526303372 -0.34910482684353955 -0.11109467657694057 -0.27700255188811856 -0.39558580759527096 0.19541985053756433 1.2656241304607643
-1.380343298084388 -0.7626165091786775 -0.787328003000345 -1.9000407967102608 -0.8642483719350591 1.7071997089874669 -0.055807909236366 -1.2518380530784081 1.3306013670785526 -0.19865502531045498 -0.8872981293956239 0.05023736368647428 0.8012954453520726 0.5581887480213221 1.3291577826397527 -2.072930562239519 0.06967373761766066 -0.7490857248481625 -1.4590086837699183 -1.2025448463489348
0.7156531576165907 -1.0967484771237528 1.0021659385770672 0.2837063486089324 0.679196877159852 3.18067260769503 0.7615584616171294 1.2417037424660131 -1.9983738698284474 -0.22369595866023428 0.4966091621040921 1.6826830636826229 0.6663312986988144 -0.5728227749407203 -0.14087031971859343 1.0881119165528834 -0.30949425035945544 -0.2699704643188605 -1.1869856137439296 -1.4647098034210568
1.6470978698047738 -0.19448015012208167 1.2232531176147852 0.6053466039265543 -0.5721329969519993 0.2558250517192947 -0.37264554238706765 0.9018926385788363 0.8624398446649332 -0.2533654498968405 1.5625116547195426 0.8072709776071434 1.590901923493065 -0.18310549198861617 1.8816459521126283 0.2537349053320891 0.02880860464729803 -0.010496330142918052 0.7546931193686002 -0.4899110179744188
-0.5009894059013722 0.33073247224200264 -0.2706512985520297 0.23749764356477807 -0.1489407343545871 0.528740845579431 -0.918304237879566 0.2211228663436363 -1.6926734492344593 0.21454125362051357 0.5783127488651277 0.5895695387221562 -0.8101250954678957 -0.49215005219904895 0.9600987338847269 -0.4482971672293898 -0.6884688979708434 0.23151688701955614 1.6946877972665522 0.21860532294062734
-2.597015136686947 0.4026660403619421 -1.3681854689130788 -0.443814601617912 0.7595539271066643 -0.5971162713508313 0.5306779216310106 0.7337305531775588 0.7100604760564319 -0.07094600978777679 -1.2653282804425274 -0.4552369326285046 -0.585264281716069 0.33320224461022285 0.5702352465226428 0.8607061118752852 -0.27067716960141097 0.2646970443767706 -0.9845595324902693 -0.4427708545601286
