10 8
0.5563505593997178 -2.244287498567712 -1.4626423738702041 0.13291965344949946 0.994497949356557 0.22435507649134262 0.14406809897465692 -0.9771818079809533 0.7765880577469662 2.1751077554209637 0.03944041335248223 0.42955579474119315 -0.06555056828350211 -0.34443725301283845 1.0653800283370067 0.17101957777098195
-0.12975622042527812 -0.18376603059808583 0.3272617756215345 0.9363181131261723 0.7148224197911989 -0.7850602872786335 -0.23592856643998564 1.4814742117608752 -1.4393770214400279 -2.666933157628302 -0.14316377876838307 2.0262038555140984 0.3417862283079441 -0.11862058997619469 -1.1295210665668052 0.8687549212962029
-1.0400693436848598 0.19434822352723616 0.1319406101476317 0.033594917381749016 -0.30916077842239414 -1.7726871597388658 0.008314239917694342 0.3782807696202788 -1.4823408738652253 1.6748022116990195 -0.27382892676590326 -0.6067759109811149 0.04693277477838524 0.3211415331194247 -0.8640109934863367 -1.5521540926581257
-0.3005585146216024 -1.7106847105067038 0.3381293016977648 -1.1248282977479038 1.3904243239705134 -1.7017237230545135 2.165956782425867 -0.7267464749740085 -0.9478883279042818 -2.3087162406152957 0.40554379582921973 -1.5400128614944992 -0.9651330153700828 -0.8420526432713189 0.04101143962479665 -0.956195929643181
0.4076326373261201 -0.3954573490672688 0.5702002913609119 -0.9352333931383032 -0.8425364710306298 0.29906220817030343 -0.9449164101503528 -0.49743087116481194 1.709884366280556 -0.4374375003318162 0.7390900114288739 -0.20537875822818158 0.01976913857030594 -0.17006616895244747 0.5623195360775695 0.7888349912401337
-1.459930465830558 0.7337226739554403 -0.38623915678168824 -2.5907717970339914 -0.5471156940603545 -0.42621076072013964 -0.7351026252692876 0.22591557925160075 0.3216371477324492 0.26071542698329714 -0.9854364294753443 -0.1821942285075244 -0.557525171340508 0.636704633565121 -0.4162248909293067 -0.6278957182967138
-0.5517953509299182 -0.6375050531472198 1.7977850811123897 -2.0410711330940075 -0.9406635886266559 0.5565252115262603 0.02865829879277164 2.0832784455743876 -0.18177472952671378 0.9195392492815507 -1.2088718483227585 -0.6922365921787192 0.7596056445231435 1.7415418949323436 0.7636351666356092 1.0052189080847789
-0.48720977982197555 1.237895337136615 -0.4099359874195374 -1.0666375655359774 -0.9001969631702488 -0.4332178609551563 0.3102068090339576 -0.05679535947896359 1.6686655606398821 0.0872989591140012 0.11407663268216432 0.4179889012483011 1.0025312712100842 0.09148567472197351 0.6353925717985875 0.3794332691053121
0.408267294178954 -0.9076236737768698 0.8478625622467866 -0.013941567628711697 0.15752054687887754 -1.1186810769790785 -1.687436488486318 -1.001356539449319 0.7195873592016565 -0.11740808816875996 0.41342085307276705 0.1005299180962769 -1.0479109288556832 1.1364356761895547 -1.277741413401655 -0.4716508052719332
1.4257370141845498 1.1960517632297198 -0.8323166720278067 -0.4767995067637826 0.9975716476809043 0.28970535393795466 -1.0968259083007632 -0.3093229544005526 -0.7017734136285558 -0.6543909823123366 -0.718316930026489 1.0932250085318493 -1.09327292796165 2.901010391613511 0.5783616516226149 -1.1157844751598365
