10 10
-4.5151714610863545 10.116470229272082 -0.4856955451530771 7.268521215557073 1.7670080071029646 -13.966334512936701 4.907843122640267 2.5864937779126476 6.022063784470496 -0.0027857732760289394 3.4333010662234607 -12.91996651341082 -4.978794531240248 -2.5177058584932337 2.6012199838578565 6.249889390082649 -2.9351259526228417 -1.017926865344565 1.1756309510680265 1.5505573142143259
-7.249049124699807 -10.983218365073883 -8.162469785378532 0.9911491801026779 3.272315158612983 -2.1778715768570427 4.585817049122578 -6.6409625098653935 8.23245895318242 4.562394423740091 3.904171179609054 6.180515394583549 -13.564269513323895 -7.0832815109147 -3.4376079147523817 7.8147247722940385 -3.1976858480242734 -3.2842612596344294 -7.853081165659277 6.890700622299024
-2.614980490420791 -12.156933446354426 -8.251736311231477 10.7351508838496 10.941371551279996 1.8750308164222678 -3.4650303699033245 9.322620678168017 -1.5823981131535947 11.024449655472674 5.221315643587683 -6.851484153362709 5.568125526066703 -7.99960557585995 -4.973437923629857 -5.798401439979587 8.300338900811061 1.0877431870627137 2.6389601877370796 -4.0137369095121045
17.360018467542734 -1.8206802379799305 -5.019098042035164 -5.993628099729774 4.525424477882581 5.5498071960369755 -2.937678290360157 -0.28988641130488674 -2.2698648601102898 -3.114564854477637 1.057406998661894 4.8410970340475 -4.016525133254917 2.185034573911785 3.0504387825984063 2.3596351184476947 -9.459437775558243 -4.968600665348937 -5.655000002473522 8.290486403189584
-3.983885275707308 3.7289969332334287 3.475490565448532 9.737660330557516 -1.15436929630042 -4.19192007839108 4.6822216146445985 -5.2816663304541684 -4.95916120900476 -5.916151414747568 3.3951412657657976 -2.353877415396244 -4.024561319975967 10.466165052026204 -2.1047730048276225 -1.4651023019978315 -1.0340893205074693 -3.2184418556897523 -1.3112805346993512 8.867931995745366
-7.6532661224891685 -7.955323005990336 -1.3346390488748217 -14.334947466570652 -9.311120113323806 9.628831231175576 2.2163967565386486 -8.4869325481684 9.309150288092308 1.4240603758896644 -6.037601050902966 -1.4995465794543659 4.203855063405848 5.390399520879394 13.176700583960663 -11.1128725604389 2.0155228246587207 -4.8652725036364 -7.269275524307715 -11.060010634928206
7.054606381509459 -5.853917093867961 6.114953113566061 3.9703671860996708 -2.0376402640799 22.6753030251676 2.5241722827964366 9.879105654763748 -12.901089605807766 -5.629853395434651 -0.15986595333024683 12.28000600809214 5.6409591582696414 -2.4522689492466374 -3.1929633057863596 6.985180944977748 -1.5112259619449722 -2.445621082636988 -4.907835275495933 -12.250482685460405
11.417038572388142 2.1066970333773605 6.928083296399619 6.578639993911667 -4.355267005419875 0.5272550167000284 -4.357705681640689 5.26040661447337 6.291564043790115 0.08973399230724186 8.77911658612411 8.630784320435724 11.017706216764383 2.066514151468003 12.058348722054264 5.589266299822611 0.21436652211364676 -0.010598016719109827 6.060351362116225 -1.7150196370575326
-4.034461120686587 1.1753581427307405 -2.3012388983067864 1.0283506610826674 -2.08979485541418 3.22777298533479 -6.598450752071144 -0.4209150075062321 -11.763317900845665 -2.0668208366505154 2.64777491435091 5.138982773944163 -4.399512455258157 -4.967040670375232 7.347887576040878 -1.0118224590108247 -5.082961647100749 0.12404041307212793 10.880763601343661 4.967592908578511
-18.200134920462798 -2.679522220248064 -8.231449236882524 -5.798231150995993 6.314626541538653 -2.421884001341577 2.0310064445907035 6.004499337954909 4.8951886321582245 0.9944193470268423 -7.519977952333381 -5.6618416950790715 -4.60314624204739 1.0175398873532795 2.0328734323278757 6.935459950900862 -2.3576777150523602 1.2101892037039934 -5.668165388628223 -4.997666731361737
