10 7
1.0194879726633057 0.47879013541783316 1.1790430815379118 -0.16162245569912934 -0.989449630229477 -1.4826522752445694 0.45390146084092875 1.2751888577016535 0.8259223960028947 -0.5475906654132237 -0.5650693609485523 0.021801818590059814 -0.7762940467641276 0.7670202003671998
1.564030954316006 0.31622702785246837 0.25618358166630584 0.5086850180659341 -0.5048906207903257 2.169434031566892 0.6400124003840358 -0.7552039213840273 0.22027462120719923 -0.27483025980336523 0.33761974674578116 -0.3684498932998046 0.7224349870227313 0.13254870456465306
1.4272691893162912 -0.6994953715981322 -0.22772222752375554 0.9257451494961971 -1.3052961655092705 1.434609830681427 -0.5213682939769912 -0.0401769847743588 1.0049340775216824 -0.13214742739304394 0.09501048858556606 0.7883770446329735 1.9987411295261048 0.44384569527754353
-0.801535307612294 -0.19661131215010066 1.2473787393321976 -0.426918589464419 -0.03551907619015 1.533525236477863 -0.37037923243148785 -0.28733450672732486 0.5556487677291665 -0.5957652144818729 1.0146529377977602 -0.3559094729421278 -0.5889352194930562 0.7418448822288355
0.6066442974201898 -0.7689187358212621 -1.2488343430643296 0.7794530758594078 -0.26361391709945436 -0.41606737262513893 0.48675874103284894 -1.3463191885875467 -2.535230475127537 -0.08162164826373743 -0.6394469342123623 1.1422030084936459 1.405487120415621 -0.13916238528328886
-0.944594056672787 0.9834301703025936 0.396040530446662 -0.8684340338251234 0.19849238923785395 1.4129397105462431 1.0012779657639492 0.7058399787573937 0.38262146960837995 -0.24381289026824987 0.8225045381169737 1.7117452061269034 -0.3317061476250089 1.4082126370188102
-0.454721612797801 -1.9402807212198951 -0.3115772556851083 -0.44431433114375146 0.5093537933991596 0.7261823288682202 -1.098856710203906 -0.11518715092033473 0.1814905222501763 1.6503967497405108 -0.12056964771793002 -1.340858587084897 0.22902900433215612 0.4368396453020825
-0.8302477661459676 -1.8170984291579955 -2.349254442158786 0.6242472969932795 1.3316450423989747 0.8201508072320929 0.31561010725249455 0.08260928593927983 0.9278450675477505 -0.027195630585448216 -1.7868338685845957 -0.23360962940546334 -0.02679467806589324 -0.11409586542225052
-0.5501337699028569 -0.6728546982527978 -0.29467269771848725 0.08136309937504542 -0.20724205245970295 0.20621499102077528 0.9909398781884031 -0.6694194917806953 -2.173065493772579 -0.1279195366933257 -0.1125039562357354 2.174714103519436 0.9988227457629696 -1.5654204132281342
0.8790020419786481 0.13280596076264128 -2.2576758057867 1.4944947827321258 -1.0444928138752034 0.6495749128246721 -1.1685175528921812 2.2440887387575197 -0.5119150600288567 -0.7225487020088279 -1.4686950872729325 0.5895311503624077 0.18771153716797762 -1.3318292347639764
