10 8
-3.4884470391154688e-06 -4.718031776939404e-07 -4.796628208519245e-06 -1.8206816254673026e-05 -5.9656270110887825e-06 -1.687934822917468e-06 1.6043794368701642e-05 -1.3877514446950974e-05 4.6808032427908194e-06 1.3029622445878657e-05 8.747514552449505e-06 -8.594655394802192e-07 -7.694428170915625e-06 -1.2179241021465298e-05 5.1025218468643045e-06 -1.1288238244742571e-05
8.4771926303735e-07 2.0133348156748862e-06 3.6318639842705395e-06 1.077558819546795e-05 -8.491254755928838e-06 -3.7979004657595863e-07 1.5205436157945428e-05 -9.803119595205571e-06 1.0855239022097003e-06 -1.12226493064003e-05 1.0247122380628764e-05 2.645001769556628e-06 1.532371278690861e-05 1.421199260171403e-06 8.731750468195645e-06 -9.548689053272605e-06
-1.631331410677167e-05 -1.0749621214221602e-06 2.9047349660494764e-06 7.093996680454317e-06 -1.5497724451881867e-05 -1.6364794750605554e-05 -6.113775570848864e-07 -2.291790624170985e-07 1.729045233813664e-05 -1.0108631244198772e-06 6.022347733345141e-06 -5.208590660440024e-06 -7.25481080731654e-06 -4.7155840061071365e-07 1.4150387971200114e-05 4.542087150513213e-06
1.1959335349845337e-05 -1.2776312791054703e-05 3.1361102558312043e-07 -9.564831105342725e-06 -1.38525594116898e-05 5.909240682839302e-06 7.792611342532943e-06 -7.894728376295462e-06 -5.826528551149578e-06 -4.239676772639963e-06 -3.6929360642235703e-06 1.975093573820419e-05 -1.8092548647937333e-05 4.974794710387866e-06 -4.348823560197676e-06 -4.195521337798901e-06
1.5514528297678496e-05 4.189682360748413e-06 9.482868197120626e-06 -2.4116233890883006e-06 -1.067971540768745e-05 -9.711322615707605e-06 -3.1313410934938116e-06 5.146522268067043e-06 8.994398901368162e-06 2.441157186029703e-07 1.353466963031654e-06 -1.5014222862303003e-07 4.988202651832228e-06 -2.1552509012925084e-06 -9.893326002730025e-06 -8.551599489781198e-06
-1.3763411787255865e-05 -1.4650371326193337e-05 -8.466376708811023e-06 -9.898140982225423e-06 -2.504126169575481e-06 -3.284436295568787e-05 -1.1368323801613606e-05 -1.5576859373695944e-06 -1.1339796565738834e-06 3.049120746656249e-06 1.6544722441326945e-05 -8.895799075191229e-07 -9.16295640940236e-06 1.412843260021928e-05 -4.385836604641204e-06 2.0204959385266976e-06
-7.222822844669357e-06 -3.3843489907556897e-06 -6.477942609597472e-06 6.061388273746639e-08 -6.711350484756999e-06 -1.935784359138755e-06 3.860584793330146e-06 1.5121188807046545e-05 4.953317344866388e-07 -9.543008211839364e-06 -1.3544824466019725e-05 -1.844552853379237e-06 -9.93512456334944e-06 2.063710676586226e-05 -8.411561046015694e-06 2.2023986199088672e-06
7.813576784063071e-06 -1.1800396610827487e-05 -3.817787801038871e-06 6.612939028672729e-06 5.578106486235398e-07 -1.413557201732891e-06 6.698938828024236e-06 1.6388833562250785e-05 -1.0487244498690362e-06 9.764410233542794e-06 1.6099316564035818e-05 1.5230286780902865e-05 -7.649778248828352e-08 1.6980408806253557e-06 3.0518829176828823e-06 -1.245799239872921e-05
1.4699916742675368e-06 -2.3347606240677317e-06 6.1506244137273145e-06 4.187070188409915e-06 1.3164904838513291e-05 -1.1799729309342754e-06 -4.988721983786838e-06 -1.1720058129678769e-05 -5.813811246952966e-06 5.067942554986315e-06 -1.3569012265272842e-06 1.7414711248307205e-05 9.856919248187027e-06 6.768854534179069e-06 1.209711248832375e-05 7.2170483499389365e-06
-1.1802291225616288e-05 -1.7005992063362496e-06 -8.005165256158688e-06 -1.1299384916638825e-05 -1.1429689499805785e-05 1.1054881190444094e-05 4.678151126118717e-06 -6.282691085071853e-06 -8.962424381115302e-06 1.4524010081627006e-05 -1.4627256010365723e-06 3.844010466122103e-06 5.231687475455482e-06 3.951139753057398e-06 3.928225843744313e-06 3.9102793027525745e-06
