9 8
0.25607809418452615 -0.30882688094720023 2.0803879587564427 1.6734472264802365 0.1875191215111552 -1.2762048899399252 0.47758653598155365 -0.17330624978518275 -1.1159925799944361 -0.06262159204318218 0.6493290005956242 0.844236480698281 1.4254401662906813 0.39255200698598036 -0.5236941374662933 1.6729116270368949
0.06773732163272878 0.7408881001595673 -0.8575526123733346 -0.12908308983761865 0.1499976885043808 -0.35373814075785226 0.3460407635741178 0.05700093020403861 -0.9827491665932823 -0.047795332431819555 -0.20521776004533332 -1.4275580646040569 -0.47651860259058015 -1.3497244839234 -0.5893300648101649 2.8430429268275943
-1.0270658705453273 -0.33282852449761985 0.1842744243764703 1.9675325677634925 -0.6427918635638948 0.9176626590736987 0.2902807838235329 -0.9276818485365868 0.4670257056491751 -0.46241443336294996 0.04566918693406187 -1.5132557081491385 -1.3868757659006674 0.6339568495229517 0.5259131203841586 0.8872905924135814
0.47518938737435085 -1.2785155068075724 -0.10879667753724331 -0.17822475529935491 -0.44355067263709747 -0.1237026153944964 -0.2978607566325125 -0.19255459156388874 -1.0472517975431495 0.0007878335858503386 0.21050952756443359 -0.8709320892312055 0.08320491785051042 0.6125289255129136 0.2362050228041044 1.1345218826466485
0.3251807767195484 -0.14432162945902022 0.49388977599028017 0.10439727645740779 -0.3297790542760696 -0.5757115260045071 -0.7027585763421214 -1.2664676464304003 -0.30470922909274245 -1.892730112481395 1.9522726120741145 1.942453477764969 0.2668091794206841 -0.8307417164262305 -1.2477558068579078 1.4312038483495213
1.0434218961815374 0.48729483168486337 -0.7185651684579185 1.0437533828455947 -0.622522405559604 0.8477019678890302 -2.324148150691328 1.0709971162759369 -1.307824227746096 -2.9194636386851824 1.4740019526202472 1.046028793510224 -1.5882677155780653 0.2836531278474564 0.5277613373044799 -1.1693772488558738
1.2376399308400676 -0.5362767009753618 0.31146477202408446 1.3582706768143868 -1.2269929922216263 0.380611771667723 -0.009327320856431266 0.9278766473255436 -0.23185674297489994 -1.0116450469980618 0.01619167951905749 -0.5067666079798726 0.9810569709985627 -0.8096285122398208 1.8163929928598277 -1.18100519806702
0.8855889217642252 0.5311588256943837 -0.618737186472604 0.9305389684671864 -1.7465151312554468 -1.0261011999978182 0.33469474637307994 -0.4847526380703576 -1.451480622582335 -0.40229312838677406 0.07180794106803351 1.2801214111268648 -0.17010745477873693 -1.4897876509773456 0.21336604852714752 -1.3295328842511258
1.6101512456268503 -0.6915761805310465 0.9218456056037935 -1.2424026559551369 -0.03078059057751241 0.48059691620407075 -0.7315186334648097 -0.012075796926437902 0.30976216073688206 -1.0388782133979233 -2.222471901128477 0.6150797515266593 1.0351907757128338 1.8181824975311307 0.5483642798193388 0.9613920672039488
