12 8
0.8850534933562322 -1.004691207108359 -0.035429624435028506 -0.7193542334676246 0.5383910849013736 0.1274817541171886 1.233538871116091 -0.6518547659671583 0.44778945145289484 -1.4717136953427543 1.192748533010689 1.9412517406548946 0.751312825624791 -0.022666374471115927 -0.05824862982189557 0.45726784967084466
-1.2351315308169508 -2.3386865416228018 -0.5374202007348302 1.709880640267331 0.12465259146098862 -1.2258425004236706 -0.46824628605006174 -0.32951930088230846 -0.6114924621271886 1.5899905304818889 -0.5798952881177366 1.234824836702434 0.02400957585639155 0.5043299745513563 -1.8825323703089252 -0.9396056418565074
0.3101905308480716 -1.7493369663976377 1.210371486674256 -0.7728349767843367 0.13705048953739946 0.7265277925168574 0.9051759568018072 1.489925358758792 -1.930744703441915 0.44678997095564155 -0.3009216202219356 -1.2990104896982821 1.904272043921989 -0.5908559603672621 -2.259802358923016 2.0787827635491407
0.5492795738020525 -0.5248836908800683 -0.4910123440347665 1.0214021590148705 -1.7730890256744836 -0.10300153406853756 0.5269384496553441 0.21866715465522735 -0.792300498931089 0.6244400008869287 -1.3801850118825247 0.03569420220677772 -0.9280636247575339 1.4844433298745854 1.1911599508575605 0.11329947032768176
1.1466729781093998 -1.3235178615512815 -0.5834220659320418 -0.22659649267001775 0.21891980442086273 0.9149095329258105 0.6976769462086099 1.9163255086225877 -1.045850268029061 0.9872872657421476 -1.1662580778852487 0.1383793854725272 -1.8687508099954169 -0.017631402009695415 -1.4989727418617793 -1.5132891802919504
-1.312262313549805 -1.862474476064351 -1.2032209700828251 1.0522866887904554 -0.31167346851191213 -0.3995215543349541 0.6898536039172394 -0.40978903927676186 -0.9422578052902381 0.9204170679210627 -1.7051670987308218 -0.4782857342635693 -0.056033947908345885 -0.0296613788193613 -1.1763725866212513 -0.36559950087973414
0.026462699821525652 1.1378383778604808 -0.3039078259403728 1.1605397472937649 1.0911323080659547 0.5629763083522397 -1.7025636983772128 0.33698413636343005 -0.4840868066140367 -1.335998745984255 0.3403788740040177 -0.14762012776734923 -0.40581720749545064 -0.607408260386119 1.995178214695185 -2.4437442176200546
0.7611243324171872 0.010957061586674987 -1.3892869226380014 0.6641698664313946 2.0256319222907235 1.6862873237886882 -0.622086877221563 0.35938844987305457 -0.6066095590665711 -0.9104040645887966 0.28145247364957665 -0.5956293278535558 1.591476332141258 -0.6670667058588405 -0.5948404815179849 -0.13703921501177388
-0.5691387123029874 -0.9446292106242203 -0.4710070278221216 -0.14175269887577915 -1.1582450373254904 -1.1516894569239853 -0.5343645386120128 -0.6716617167109886 -0.107179733863722 -1.2826739783187069 -0.217789286955746 -0.4231725737815753 -0.3368084098627887 -1.5922002698607562 0.5910185354811538 -0.5940831542095992
-0.7570353290019348 -0.7286734709979503 0.6721701281953656 -0.4920535023776427 0.21777274601740318 -0.21859054688273694 0.9207870288293569 1.0254295159022468 -2.0807866355391598 -0.000777436222494868 -1.194079776861713 0.41079025982501594 -0.03154590467511172 -1.1728363100126031 0.21939051184949118 1.1069461229296695
-0.7748251669867622 -0.6811098335425511 -0.0020772853180177305 1.4968609003283038 -0.6543068866229441 -0.9380157818430678 -1.1463840700723087 0.572885167292976 -0.592791297158024 1.7351648985985555 0.1660745083098692 0.6014634851857936 1.3020284908957793 -1.9536062159389278 0.796546800884173 -0.7385715277721351
-1.1736077847455353 -1.5600641075170916 1.527416311362289 -2.152742335132127 -0.9119540664513143 1.8994746789294508 -0.05691625671677395 -0.46210757858738444 -0.88258712041317 -0.44691662848868774 -0.5213709854415717 0.14867266210977215 0.5635671018150742 -0.08035105066767471 -0.4843595038074325 -0.16817068702557575
