10 10
0.17372450884726934 -2.260789083082094 0.722476758610375 -0.09985558534517734 -0.8224210423125372 1.0430043089126995 0.6010018264159459 0.18811439624720086 -0.3893258778264091 -0.4422520195532229 0.7531900411766734 -0.2431796844009417 0.7242053425568946 0.6850648827420696 0.1313948506817471 -1.465475504603462 0.2542737266503431 0.18224720057040716 0.226160760541798 -0.9922897766835953
1.3248814079118554 0.24479992741668102 -0.006534276298218041 0.10226490857065965 0.06620892472061404 1.4231448327961527 0.13879619325041598 0.5726494967634526 -1.1302626808503042 -0.5449441252349569 0.8759317834809491 0.6059470023197528 -0.6874798865659452 0.019964169527637885 -1.14334708599713 0.645949144373791 -0.13941694713994773 -0.3861055839485985 -0.5733679423367748 -0.652955067880667
0.40396112319324323 -0.6799455869241716 -0.9553471786701694 -2.282122366235891 1.1094026002473214 1.9760258192625795 -0.6363516100308855 -0.15923164540115284 -1.7514526950091092 0.606566094734218 0.5943220037470803 0.46130503860188316 0.13273766198889697 0.4464151299723456 1.1491097327622954 -1.3680210306267762 -0.3273235901288886 1.140989445460187 -0.23166896383277896 -0.3237843027280641
-1.8533523665373832 -1.6773598454731102 1.0644543363904198 -0.6275817878010955 0.7015205702317254 -0.6369908842330229 1.578010859785276 -0.5313799177628925 0.8867628510190679 1.3757493598557853 -0.1362434664587608 -0.7182805406063556 -2.1612372249015452 -0.7271437127388719 -0.48292445210569374 0.6633271046487917 0.8353628178810454 -0.8232000805742038 -1.1271017023102499 -0.5793626247359343
-0.7756281049280652 -1.0759244438883908 0.39359864993689636 -1.2013804926104477 0.42548755722079434 0.8707123780942867 0.5522903671808016 1.7549060497493048 0.8689764242600201 1.9286739840578362 -0.27392044853096387 -0.19028402928471946 0.792725201051048 -1.0044998907885665 0.3462045471484521 0.4879297384810391 0.49918824017493046 -0.08081100533937073 -0.40287259487542215 -3.22618248926093
0.10680557160207048 -0.34520262720870687 -0.19012395533368984 1.1605029486319187 1.0500499311899996 1.6438103160800988 -0.06270868004409469 1.2880373912817265 -0.7540210097870873 -0.8315340694624764 -0.07841808964628141 2.1293939435556792 0.6007050001914498 0.22818652533210318 -0.5148243267357969 1.5055581205425022 -0.20273175380920205 -0.24896338488526998 -0.9519301557099559 0.0992043820459968
1.264011488582632 0.4645278701182384 0.15492945114510276 -1.067312883407235 -1.6065921158939809 -0.33501450664160937 1.1505319323692518 -0.516251739017298 -0.900695202642297 -0.2070408963905635 -2.4955436896619334 0.6858869097434661 -0.04272771406961956 0.10949291121743043 -0.24096800269825713 0.7770835610114241 0.12048944610289608 -0.22090255500895853 -0.4707664410421483 -0.2080594610702703
1.7678989690846123 -1.0903859284966306 0.13908455538345468 -1.550232847913678 1.3104606937164587 1.674054011852372 -0.06408267040384774 -0.23845468136945774 -0.44713545564459733 0.2275515736687141 -0.08114822973111585 0.7311465138722034 0.6433358426127943 -1.2020001577017627 -1.2534311829669573 -1.3349019055606144 -0.8383327227716526 -0.9007077449684613 -1.6009668946870996 0.23986704942270462
-1.8834138779096041 1.2012524762464527 -0.23317543682135725 1.4527813252308666 0.1857843707988665 -0.8943280478804422 0.7447492760089454 -0.15530250319286995 -0.17686873537705594 0.07648908570405415 -0.8844853722575166 -0.4156686322547809 -1.4222892303747425 1.4362103711850152 -0.11498087492867051 -0.462174078192076 -0.5961494903204598 0.7300432502501177 0.08205027521123404 0.16720780241361077
0.9391190802271323 1.5873477858041054 0.9039012346744191 1.1271256063856527 0.7139236786764666 -1.0228128202303666 0.3515415901961586 0.42336756561525046 -0.40823622053524844 1.2649328522501018 0.919237085580339 0.021922051944806467 -1.046911077139643 0.002282500770615814 -0.6289611195535807 1.353176369760725 -0.36975311984384585 -0.11619531921426174 0.48498993233319254 0.5454647156201207
