14 10
1.8557599733151042 0.7183776300672612 -0.6932712458904184 1.5506439048278255 -1.7983862019012629 -1.6404024337704177 0.06082999505249056 -0.395980248126262 -0.5776874444884846 0.6699289118094036 -0.05798248512998028 -0.28724625963028033 0.4409360644583488 -0.8651954356264152 0.11634056629517842 0.609409280770142 -0.6112482372097723 -0.46228565626866 -0.22601460733759207 -1.1944713190356908
-0.14047997073278215 -0.5918944580024641 1.2231483827353875 -0.7228692366705683 -0.9863462583063984 1.4779657169814224 -0.6245346161873924 0.002575157077320612 0.20721083963960815 0.4445172351292742 -0.3797827860836044 -0.21331457718578292 0.0940931565742548 -1.5450628179813555 -0.7628488530118933 -0.9312825071331342 0.055318953271593994 -1.3828297079133383 0.7557993432546443 0.2443412344786764
0.5408056361262765 1.3243352470224634 -1.3880465163370563 0.170999223883344 0.595112747431505 0.4915699774904184 -0.13450317619323118 -1.1206294411963447 0.2509427249295888 -1.011999224322916 -0.5098842375015549 0.19453402764351674 -0.49706866871354455 1.4091996158595719 1.3110184727636827 -1.286166078936146 1.4624519112722965 1.1398987702633347 -0.3915110651763859 0.27901534241617953
-1.1711251270527037 3.892551588633385 0.15081044086722634 -1.6725695089125219 0.8481629242189984 -1.4996022663839168 -0.3610182682503121 0.08410211380512252 2.1796781170848125 -0.523504771931879 -1.601855450382463 -0.43771171286877175 -0.751507765826886 -0.3252053266927089 -0.4171797316183394 -0.18630935559897227 0.17810214889586345 0.40463844842884894 0.691979115532297 -0.3147369699179665
0.7900335226986501 0.5091467723365778 0.8165516792809977 0.45086943202704494 -0.018076617770638737 0.4770154019013898 -0.015019151994431837 0.26579357645495927 0.4935305201369483 1.339202379560165 -1.0807181890593314 0.33653150014202105 0.2787248523927681 0.28818581448885705 0.8659608395096422 0.24883071657757264 0.33028358559904464 -1.1059865085037917 -0.06643530983347341 0.02165368059292607
0.6627357114675085 0.34058472265406164 0.5654792769970604 0.5621459297777601 0.2571458897164132 -0.5533760326565077 1.0155387655044483 -0.20116755588272295 -0.9423449167087216 0.61460168053671 0.2345215067797179 -0.9211257119967433 0.5723280760251972 -0.10414034177576431 -1.0417920966078695 0.4419603487047769 -0.18402399207442477 -0.15293040921534934 0.179827368689373 1.1081050590689925
-0.18478473151187338 -0.3665835429967591 -0.23105011902898434 -1.557501418366204 1.0399484203349476 2.5795424625254593 0.2978694584445518 -0.7790240222774042 0.6482192544028802 1.911795320835719 0.1315880595001535 2.4990947025693213 0.4219119632827563 -1.093668766772791 1.62460159632716 -0.6750992706674261 -0.526699751667288 0.6202398730209442 -0.18944107852387626 -0.053186168916575606
0.18414439643068778 1.0086899042831552 -0.5915428712605292 1.2724033935423702 0.277130158400112 -1.1869756168440797 2.04712286164547 -0.5571569623200444 -1.002483110996908 -1.1442153936316568 1.2970052312075673 1.7093146753627775 -0.21532045686026602 0.6603353241300638 -0.20406135626837896 -0.1572755349833158 -1.5412810969196877 0.9375605661010651 0.4688082528380568 -0.8365899651040545
-0.3865778790276747 0.6536366356233074 0.4527380665155406 0.7005158652729957 0.7495483968041112 0.12575981209858642 -0.5525636345407149 2.0635201219700305 -0.45962126439264134 -1.149245568031685 1.2600560308691766 0.9588808927398965 0.6350732857811782 1.7196821208444049 -0.25085722878565575 -0.3437408492023193 0.2663600656433379 -0.17229671250180306 1.5802782748590325 -0.16246053758669382
-1.9075607839504536 0.5263541660937482 -0.13365336030044464 -1.863395031937178 -1.3417592615250435 -0.45521696420979657 0.4443527977581099 0.08830868441658252 1.2255466842878828 1.7941495725155863 -0.32423859715306746 -0.7289951802872028 -0.3658678472053796 -0.2818176286877495 -1.8083222699341692 -0.49437407917617204 0.13663289713345927 -0.7756229467738279 0.5786751479001784 0.21112693624394963
-1.0653770639064997 -0.06480670734266727 0.7012950240925261 0.6118556786445439 -0.447494761270414 -0.16241247130741715 -0.44751877206604795 0.2563991144640723 -0.3474775178294068 -0.7014736188284341 0.8651006339377446 -1.7091006197201064 1.1581857840074403 1.365152318929088 0.9878431921129366 0.12668002434025377 0.0640323178152471 -0.10152223237617651 -1.1970367449100698 -1.2243943322850355
0.12548767929952667 0.32611984939185834 -3.002084112514233 1.8323101848708279 -0.21823163440392487 0.9356739534439278 -0.24491482813437734 0.864207162549026 -2.7223294378789973 -0.23019558186227249 -0.6232647515560831 -0.7712655361825247 -1.0493545116814205 0.8141311939980733 0.5727758246641598 0.7923458462502586 -0.2583329023411399 -0.9898884828865813 -1.0953112211355758 0.06656833606130551
1.0289316217147755 -0.4540438505922929 -0.024081323081716424 1.7813264551592363 -0.35159834537251367 -0.9474306646269539 1.2390078952624828 -1.3768368982906487 1.4210362728712276 -1.8700863172597193 0.14630724803160822 -2.1015442940275078 -0.07795612057374539 0.6123964314104073 -2.1520616464181823 -0.658423938027176 -0.7431451932607985 -0.46248267806237725 -0.3270984477212218 -0.47524734475990627
-0.4631331213543775 0.5856773249100966 -0.5048692122158233 0.988174489229217 0.8013801722060894 0.3036156160196071 2.154652034972926 0.36790613663083244 0.734299545499443 -0.7000161703339118 0.8948494506772489 -1.6662175795522887 1.7856027242338772 1.5184481516675226 1.0966093924768465 1.500442234966996 1.7860158416315666 0.38554280924656203 -0.03147350365170155 -0.4080390098099301
