9 9
-0.0002904029414924081 0.0018191084831783912 -0.0014646002275243704 0.0007226190757805048 0.0005178946349312617 0.000531702054682785 0.00019214181185774014 2.5163397293107988e-05 -0.00023347066946698597 0.00110029768358194 -0.0012896558110804762 0.0015264391804855884 -1.2173640815543667e-05 0.001442148952767112 -0.0029244243404956804 0.0013541352959653631 -0.0004402617558749644 0.0003665353648334222
0.0004924299536287775 0.0002558591179545039 0.0003541510099449795 -0.00034811209850181963 -0.0005852355840705107 0.001571823881907482 -0.00022722165445713445 0.0014410740715771618 -0.0005757475026629598 9.348856063421445e-05 9.48454633665716e-05 -0.0013794136705458646 0.0005872962037989679 -0.001372241502303285 -0.00028040563558053683 0.00038910176291922106 0.0021476819242099514 -0.0006249256131071954
-0.00019189966839643966 -0.0001661374884225664 0.0002797472343742095 -0.0008789879609346909 -0.0014177508570999222 0.0004794204244555209 -0.00039931269629624356 0.0009415112356009464 0.0006784706802785669 0.0004617813127012192 -0.0010171646941665201 -0.0010487238869687652 -0.0005092826576817706 0.0005742066987627176 0.00015997439987345413 -0.0017159912275821968 0.0014489864844522498 -0.0020176636146454294
-0.0012432047723881514 0.00018301148576376728 -4.5770372564985336e-05 -0.0002494705673198495 -0.00038046552876915603 0.001685210059675695 -0.0016860073728391216 0.0012049067145303485 0.0002860955211715635 -6.535111867378375e-05 -0.001070831115777373 0.0008174050069737883 -0.0002666663652692791 -0.0003240710495791678 -0.00022309060666408651 -0.00016902218539444552 -0.00016734309957404739 0.0007239501704235259
0.00046167639157660605 0.0008433483932588711 -0.0008418652462219527 0.0025141532577087405 0.00048599041416681136 0.0008311389903754385 0.0009624497180343352 0.0004734995129686141 -0.0011157640348807472 -0.00019422978556730503 -0.0008118418791581534 -0.00019021450636509568 -0.00018566895921005852 -0.0003443254042666425 -0.00028921185120898193 -0.0013699335366550171 0.00035785433736534194 -0.0014293855616402536
-0.00012580441483855896 -0.0012100299978461836 -0.0013147227820205815 -0.0005036552616726433 0.0016542257579987003 -0.0014972347777310216 0.0004348595308563757 7.234149169750403e-05 -0.0005004364003082403 0.001264608556796052 0.0007846956452403715 0.00023579759353784777 -0.0011479536205009648 0.0016983509661188101 0.0001968720002256101 0.0004547890376140399 -0.0004979863954757477 -0.0010896628498883944
0.0019454784389511231 -0.000853927686150664 -6.417532568383137e-05 0.0003231252201836146 0.0005088581545786691 -0.0005652624061551751 0.00027410115987135895 -0.00016841862799149283 0.0005273380472463711 -0.0007245398014170795 -0.0013851455304720736 -0.0008225288370046572 -0.0004492504548022802 -0.0008528934936299252 -0.0001619732358169297 -0.0003907596634581488 -0.00047535167467086415 0.0005156394871858968
-0.0016061079332171872 0.0020470265939459653 -0.0013340032635482328 -0.0016154428770447941 0.0002965501567209457 0.00042114162934654204 0.00025195830550779293 -0.0005192045220662242 0.00011000513946989423 -0.0018180642996063314 -0.0006128711631817167 0.00037703475884252126 0.0008140290917450956 0.0007130826602871533 -0.00012202416593578292 0.00047213925094482384 0.0005758821898962875 3.230973013043395e-05
0.00011659487409630496 -0.00036423685738194776 0.002007227759222179 0.00041319496254612454 0.0009015045987472405 -0.002269756513160041 -0.0015488481798258793 -0.001075534840297781 -0.00015139781075854008 -0.00014689440097274435 0.00014428450365645332 0.001528249274201008 -0.0012400945727542142 0.0012136352037729115 0.0009034233690832096 -0.00011364127635506141 0.00012951356030684426 -0.0010467599773000334
