9 9
0.03452012748019294 0.06220867580451297 -0.19438410608576528 -0.06204876446892387 -0.017309126423615706 0.14204844833047364 0.2502654157993416 -0.01620737950700348 -0.0003632791674821621 -0.0477655104219294 -0.30645302824716236 -0.11198824641662941 -0.06145734781924841 -0.09248585097706102 -0.08576585407557509 -0.09282953799027781 -0.06418364355480417 -0.09165990873942469
0.026398950161710535 -0.04691656408617852 -0.0026623156102825647 0.1084691224079936 0.07120230781420019 -0.007020913574891979 -0.004842376691902459 -0.1222993156756459 -0.016302851875319473 0.007242737571345838 -0.0665260756019847 0.16032008044799972 -0.04659964846865926 0.03643180602189165 -0.051065815349996165 0.04443892058169734 -0.05313829852394969 0.024355432774211382
-0.023480567771858595 0.05038888775309328 -0.051692990501108045 -0.10418278002797911 -0.05935693260219205 0.048497872580055154 0.08489617734530705 0.0693560392915586 0.0147212719843688 -0.02418452736589593 -0.05378378555581481 -0.12934771890696922 0.012881000273239625 -0.0523330771525672 0.004735271460722723 -0.05458300926569344 0.007464774635055696 -0.04075607986357362
0.004740098127275095 0.0002708976842778304 0.001947823349932055 -0.006399150835598738 -0.005331806635181015 -0.0005533775801695953 -0.0027823986039724508 0.02337381790498038 0.002141740763111254 0.0034627892588877623 0.015642754660993175 -0.03057482042037143 0.007451497669467734 -0.004663886426672612 0.009284036349663837 -0.008429622188621928 0.011601224843213404 -0.006739743297534713
0.04651511570564883 -0.10684970268650923 0.06986779055635897 0.2215816046426319 0.1365760790629271 -0.0715311282538822 -0.11323676384706573 -0.18500554208983538 -0.028892656422925017 0.036601410442835 0.017804525274135022 0.2857950309945858 -0.052109400739877604 0.09558938517425139 -0.047005296964049564 0.10465490051171479 -0.05257682554018656 0.07145425458066743
0.020114632786800556 -0.004318447281867132 -0.04232924526157119 0.04321757002413851 0.03472024373984176 0.02401057514146194 0.03873914591777806 -0.0686896103467829 -0.010927501028943213 -0.007061526571164605 -0.08536329908209205 0.06278351034224097 -0.03465335718545028 0.0018378051766329076 -0.0403437107060983 0.007319026032444537 -0.036640847616144175 -8.61585259644658e-06
-0.011225615839935081 0.019107406796629763 -0.01091285731203064 -0.05432252030625835 -0.0341068987071216 0.01663767345119209 0.025509088619349776 0.05289285513448439 0.009964108454590772 -0.005772615614384144 0.006363016266462018 -0.07689326954797049 0.016482670345636573 -0.023262679982610647 0.014721009238316497 -0.02744508262201042 0.01502178184108216 -0.020041579594861407
0.09506120400300579 -0.04505063575057651 -0.1123149816341107 0.17852890702626453 0.12639614940659505 0.05579033807417269 0.09850501227557171 -0.19768512412721498 -0.036564996615688516 -0.0019562951375188004 -0.245972355002612 0.1868861140441773 -0.10797099261692207 0.015482810849702204 -0.11919075782189587 0.02275225112598394 -0.100480536815482 -0.008694959321180903
-0.0027364753947139737 0.03253486155768328 -0.06134809137852972 -0.04814704242080894 -0.022209485128884647 0.04848031755510959 0.08160449361619511 0.01307766629984647 0.0040974806855828836 -0.019874151666649503 -0.08381739070759653 -0.059304642687281084 -0.010023954670461018 -0.03598252077480302 -0.018198598758082295 -0.03562965825920745 -0.01369176761547086 -0.029993857647953013
