10 10
-0.19801813864045825 0.7755477622235233 0.917059325655124 1.040012738841345 0.8234411559809273 1.184219444126503 0.03372921868767412 1.2325398557281089 1.5728679787841946 0.3900141195747113 -0.5009384294840593 0.6746926812888542 -0.5956813303071434 -1.2799434896992856 0.7408696994533931 0.6629878187318768 1.6324512758349903 -0.7780040361546876 1.1488283640052541 1.3229343768039539
0.9094684978594201 0.22124045259145314 -1.2086654389297486 0.9332466239147489 0.0 0.0 0.0 0.0 0.0 0.0 0.0 0.0 0.0 0.0 0.0 0.0 0.0 0.0 0.0 0.0
0.7155845198102863 1.942489690037614 0.0 0.0 -0.16166930071624944 -1.6778748672647208 0.0 0.0 0.0 0.0 0.0 0.0 0.0 0.0 0.0 0.0 0.0 0.0 0.0 0.0
1.147413134869598 -0.6284048706085009 0.0 0.0 0.0 0.0 1.0796208805167917 -0.5848658401511029 0.0 0.0 0.0 0.0 0.0 0.0 0.0 0.0 0.0 0.0 0.0 0.0
0.2122812181990736 0.36846977724444663 0.0 0.0 0.0 0.0 0.0 0.0 2.160926436267785 2.2972216475411296 0.0 0.0 0.0 0.0 0.0 0.0 0.0 0.0 0.0 0.0
-0.08495964299868816 -0.5322694204372781 0.0 0.0 0.0 0.0 0.0 0.0 0.0 0.0 0.7252704357262295 0.25488817379829376 0.0 0.0 0.0 0.0 0.0 0.0 0.0 0.0
-0.7021785237008897 0.139244005584109 0.0 0.0 0.0 0.0 0.0 0.0 0.0 0.0 0.0 0.0 -0.07602554922809819 0.4138718560355943 0.0 0.0 0.0 0.0 0.0 0.0
1.2549148879662102 0.24656349032392882 0.0 0.0 0.0 0.0 0.0 0.0 0.0 0.0 0.0 0.0 0.0 0.0 -1.5915882328914575 -0.3347484117809797 0.0 0.0 0.0 0.0
0.38673736572895007 -1.5087137529027452 0.0 0.0 0.0 0.0 0.0 0.0 0.0 0.0 0.0 0.0 0.0 0.0 0.0 0.0 -0.35807046071396276 0.8493050784411408 0.0 0.0
-0.21455774578656137 0.9287559631376923 0.0 0.0 0.0 0.0 0.0 0.0 0.0 0.0 0.0 0.0 0.0 0.0 0.0 0.0 0.0 0.0 1.2379227006545692 -0.7047785954880266
