10 10
-0.0011568981972485148 0.0010799422199369091 -0.00046826438634270834 0.0009293732316674071 0.0010094669979413165 -0.0017393915171557328 0.0005018849636518408 0.0006133603804565692 0.0007925389837834815 0.00033464803273182463 0.0011705073764432374 -0.0015090123984958428 -0.0005150475140064369 -0.0006082563676688025 -5.419900278017292e-06 0.0009670703011616673 -0.0003295758049932198 -0.00029722351619342735 6.843033620219684e-05 0.0002694243024600491
-0.00034282138620439316 -0.001848446674020038 -0.0011291577435336329 -0.00032367237199086227 0.0005517292845576542 -0.00010452185925886325 0.0009728471173579851 -0.0006187043224389219 0.0008294166790078649 0.001058302008805082 0.00016988196112518745 0.0010304267888054035 -0.0013907371166827463 -0.0016866156653931011 -0.0008870633899113005 0.0008370243701368784 -0.00023804459003640518 -0.0006100346375036427 -0.001416647422586906 0.00046980310214353124
0.00033222519149011474 -0.0017450855102678934 -0.00168297387295636 0.0009534787526230864 0.0013353570234954355 0.000855398359948917 -0.0009745576867454108 0.0010339079836926288 -0.0008215154412441259 0.0013625679582725454 0.0010681776825774542 -0.0006110512460135905 0.0011776823391780363 -0.0007428277787436016 -0.00033183368582188845 -0.0010396327636757535 0.0010316473213969088 0.0006048831480642426 0.0005705237239166291 -0.0003813195722591698
0.0023855203065388025 0.0007261931520461206 -0.00032698095894050403 -0.0010678608420906651 0.0002867136070671684 0.0009819991758466008 -0.0003704134000616671 -0.00020156983945893866 -0.00012540218595170555 -0.0005360901731200614 -0.00013018223438585288 0.0006958170466869558 -0.0006500510247618801 6.40630796206712e-05 0.00027010785442369456 0.00048018066881643407 -0.0009682649893671822 -0.0011800089779084868 -0.0012052953422038678 0.0007762689886529358
-0.0007316487337500334 0.0002690336602777017 -8.441210700439115e-05 0.0014746284111474416 8.130943378864664e-05 -0.0006157923788515505 0.0009099127773656032 -0.00043448483726043645 -0.00032340458225835715 -0.001054332091427281 0.0005776821757325478 -0.00012084776976679949 -0.0011117975849559145 0.0011532483412104225 -0.00019544094374576948 -0.0003098693995814297 4.298013640358605e-05 -0.0004810106576761701 -0.0006658721043136887 0.0010938956523752848
-0.0005644537435179791 -0.0014725228460254521 0.0006218582157888319 -0.0019604419840759902 -0.0017608218633246339 0.0007489742721864729 0.0007637719719821895 -0.000993410996860268 0.001145677140963737 0.0007052571912611513 -0.0007110068403074033 -0.0005331894936842091 0.0002532694967917792 0.0009431350015530262 0.0023520144783306584 -0.0007291977926059791 0.0005358636870802298 -0.0005280473101472 -0.00034121073324713173 -0.001859676230507173
0.0012539064938226476 -0.00037780308208015215 0.0005837301407277999 0.0008626036073950596 -0.0015295671260658324 0.0028702632356883066 -0.000217455473677585 0.0014403168371863216 -0.0013843317484792434 -0.001458479898965511 -0.0007041865538704408 0.0016069114008053274 0.0008786608512223022 -8.856615930193578e-06 -0.0008087245057945042 0.0007414827466970779 -6.27945112509171e-05 -0.00040586647061177753 3.573528894315804e-05 -0.00188494897665612
0.0013850574899383914 0.0009123429569369701 0.0005456206009203067 0.001251035914948515 -0.0006023984759624634 -0.0001729124039696331 -0.000866030221483096 0.00044974068891038416 0.0008228528813533016 0.00036181441723025877 0.0006750165894850168 0.0016240325447296961 0.0013347487034889617 0.0008848403527783209 0.0012757016918243137 0.0014062567634547782 2.879595772020744e-05 1.0530976553457781e-05 0.0008928304790981768 0.0001114820413715134
-0.0005962415413781088 -6.978808892478715e-05 -0.0003600057138376243 7.289863577930294e-06 -0.00045454036172680256 0.0003084530494182266 -0.000844809083443689 -0.00042246373555446205 -0.0014328393334953457 -0.0009263599730325988 6.250686307512964e-05 0.0008234869571265252 -0.00030256608159014023 -0.0008983140377716373 0.0010231249799011884 0.0002756359999258875 -0.0006757173313135695 -0.0002664499589245255 0.0011553393060630222 0.0012589464266949367
-0.0022457113228056985 -0.001365067110022129 -0.0007605327504377243 -0.001220857409145637 0.0009656117503104102 3.261835920983294e-05 -6.679733769983002e-05 0.0009030601845110161 0.0005887888819554907 0.00040317101637877845 -0.0006745047657634676 -0.0011633312697073965 -0.0006622895927724085 -0.00012219046841417043 -0.00011834212756655389 0.0010256599769120525 -0.00037754783619297326 2.8076446200203342e-05 -0.0004677918504406689 -0.0009729204938362945
