9 9
0.9497894389027444 -1.5784136225171905 0.5414601720451594 0.12154023844029171 -0.2538016706705653 0.0034437994790328945 -0.8329562212592007 -0.9408694083004987 0.8964095325919139 -0.34760833250925016 -0.8757432505158651 0.8444365610609325 0.9378686655219755 1.906431539770142 0.09031163340911504 -2.6003354357344324 -0.14547114733934566 0.35369619482372855
-0.6546640517639444 -1.4962109257970027 0.04660966207902725 0.4944011633979722 -0.35229710467756353 0.852505190977715 -0.19572046377809746 0.16131953081419362 0.9757679407230385 -2.465274958681271 -1.3300190761132136 -0.461750878016956 0.15907898556914188 -0.2884826800617812 -2.060998848051275 0.37617036630151296 1.8013999728913626 0.9770626858766946
0.7386395333309999 -0.07303127853901227 0.5649838817502029 -1.5792163303232176 -0.7755045495115149 -1.2800211443095844 0.7946460399438167 -1.5340223710935128 0.9071404095233729 -0.32260654270194106 0.30067652124834987 2.2108298142651384 0.025044143989798383 0.7601519585881267 0.4981209569631482 -0.1310640288332201 -0.7727085423477825 2.3167707437676293
0.16316886925728782 0.1045351258314836 0.754576698336247 -1.2485744536687369 0.30112699466145687 -0.9773518144825617 -0.5133073498481421 -2.0077192574112726 1.0411589086455337 0.25787472825759233 0.37920258321438755 0.22481437650022 0.10114587164080087 0.3053944870939614 -0.1417723949197799 0.5594255191596863 -1.8775029969898198 -0.1751809725357074
0.5302630114882426 -0.991960021696724 -0.38012899494536573 -0.44241071979995933 0.8164106883906184 0.08389298325413831 0.17671757765473348 0.23429108752615144 -0.9785096681823987 -0.5702397920247745 0.4319283287116163 -1.2896159550547024 -0.06343096968632136 0.8938791036800054 -1.087092606857114 1.4613995320683029 -0.21042740399347226 0.014817887440122194
-0.0030240528295203887 -1.9983041655062523 -0.8161008729278115 1.1161348940054237 -1.4535769465288186 0.14683278475089226 -0.29243004967429287 -1.3150341782593802 -0.7434704679540524 -0.37751881869244747 0.7520733140234241 0.32516686656433347 -1.5893053622950417 -0.2632304953291353 -0.22585726062174324 -0.6831945329549926 1.0948800883163117 -1.0759188883460324
0.9197469489353107 -1.1108588341558843 -0.43483333384791756 1.4278947942390436 -0.019606750374075405 -0.7672664033170972 -0.41272998814834233 0.07607202129785431 -0.363827968466895 0.1437433678427815 0.21610437350585252 -2.0385024941583003 -0.8930547744158719 0.3629138362054152 1.0819842532630144 -0.02098376278044457 -0.16663138134012764 -1.7271302614348618
-1.3643652005589815 -2.919665686781013 0.036200178163613955 -0.47824371346949573 -0.983116730044433 1.415520821768676 -0.2795161889302533 -0.014443616692899177 -1.1037368395205194 0.8614675727020167 0.44355915326039996 -0.22101341761452908 -0.37561825062255383 0.19452345232949356 0.21083122632192067 -0.43972214336175736 0.6177665854253268 0.6689189558004743
-0.10060219931730673 -0.563966120305287 1.2400496073325848 1.861544154955736 -0.19156859533639817 2.476656974082238 0.33839044216039565 -0.6615130164144871 -0.6471333665710828 1.3237904730232757 -1.0828610849775218 0.5126084735420685 -0.0313849367012809 -0.7006127897105406 0.46127349335835977 0.34628164783283044 -0.5752838569211172 0.8840411168868135
