10 10
1.5780297732931379 -2.2331129021220395 0.02303163474168289 -0.5924818975184889 1.0712404984557649 1.5661505291494275 0.03359875887536128 0.18673574487508782 -0.3244844825732213 0.6106733492573079 1.2355781188574717 0.29539216414898295 0.04100778274613902 -1.8402265828169138 -0.582273396107433 -1.9367004102266632 -0.028386552567827406 -0.35497411746879104 -0.748302788980897 -0.15183117958114056
0.4734953151053645 -0.9800024120236495 -1.1402837681224938 -2.4043889612713816 -0.10139670280647868 1.4535323360228398 -0.7093294948516835 -0.9102175569157972 -0.5780983726146668 -0.3211723948257773 -0.583094813597249 0.018433199225211267 0.5734710675290943 -0.9876231292011622 -0.6935579855596388 -0.5905693020721933 -0.3195652722815856 -1.186882478774058 -0.897119114702194 0.18774400149853235
0.3320105574999981 0.9782300762808044 0.8874358131540524 0.20399692132209515 -1.821857683900506 1.6940343455760873 -0.14186249300835369 -0.9334841825441489 -0.3867376429595011 -2.162985951916644 -0.24429578223662382 1.6658261880635543 -1.3369234204881382 0.9429632804871253 0.80565214596322 0.4637162684691561 -0.8617970272077864 -0.9802546836776793 -0.36140063453146304 0.2614251953588794
1.4355342504764341 0.8163313642752755 0.5422517908956043 0.4189473989201127 -0.6859701374266218 -1.1440444199662285 -1.425392124214708 0.41955180955595955 -0.40462978402000255 0.36307168739850015 1.3463533870199564 0.3775367468421954 0.18487764615612284 -0.1601679595641094 0.5409059022536882 0.326911314789836 -0.30073662175883503 0.41243538494318566 2.875130551762944 0.6472421933405019
1.0200011335836465 -0.8982677822195507 0.15616974237938136 -0.965437767138773 0.30983181202215165 0.4061780991119023 0.45693774949049626 0.2513550326136717 -1.4094337596075026 0.03626493067723721 0.521392541011888 0.644242763020477 -1.048559270170321 -0.5780468952563136 0.6688472808447006 2.019488952586707 -0.4544999245779833 0.45065162446352497 -0.017985347705340767 0.39247723543194174
-1.0068157300975062 -0.26342796219669373 1.1209125328668872 0.13033208196901638 0.04208599191924364 -0.14322015559138446 1.1742831874456732 -0.51579061341783 -1.7434777181105732 1.3897272603427884 -0.12088106419266394 -0.16793111530492202 -0.5335711459708479 -0.5736262413801686 -0.7687470991200381 -0.19427778740243826 0.24604909332919075 0.2831058424539269 0.4552199922675424 -0.41278623032660144
0.8659808252474344 -1.1219466685786093 0.2293575279412174 -1.6343715481733665 -2.2318310802862023 0.4010107917336535 -0.7686257675817518 -1.4497190865956036 0.20886457953398285 -0.8438798072662383 -1.1259894051593173 0.09188262589228441 0.9609856731834803 1.1536089017129822 1.4337034503158632 -0.8255247715417249 -0.6453983348859191 0.9719909245492601 1.151963957824726 0.17167621187661786
-2.510936252917607 0.8505996861552786 0.333255222450951 -0.5543902381924974 1.1066204975974592 -0.4395383340886897 0.42397127076234165 -0.06174382445658766 0.7066862234392038 -0.2749339761756303 0.9766085440079987 -1.573977127049662 -0.19480444171082903 -1.0830649755148856 1.1704692983383946 -0.40237589740783286 -0.42793832446310476 -0.10022208767926688 -0.5139808172167774 -0.05519926941022013
1.4276693150297342 0.7675909437432147 -0.6183265977881732 1.826389752703579 0.21657045751439385 -0.15966402043239558 -0.5648893766968327 -0.43418201775314563 -0.7707760416007124 -0.5649875931697159 1.5273144490005448 0.38828812215140895 0.5793276444663669 0.330110038546114 -0.7782151594751645 0.17691082870441577 0.004907310672715014 0.5199981414740611 0.5023631665023932 1.648101249294856
1.5009593778016543 0.9677539441765534 1.0832981623014597 0.1190028288680777 -0.745007754410239 1.7356265811525509 -0.5195817698208047 1.2204753986358732 -1.193567796228167 0.11838906685052265 -1.2078125345695963 0.6553160324788131 1.5971281083173556 0.22598600223248416 -0.795347261697011 0.48650362368513594 0.15641642933983266 -0.15544242692811827 0.5020201879780295 -1.6766951569857174
