11 11
0.24212588114972786 0.4516753533067963 -0.5108003809663072 0.3164082123657318 0.7458525287835126 -0.6330740171275829 0.1122689352971624 0.09985351576608614 0.18887290767900283 0.681067307944759 0.6162456628112254 0.22857899502289136 -0.2143182155523599 0.5940225335327268 0.458180655861202 1.2568792252526284 -1.434766498545048 -1.4143203932078332 0.5722562025170714 0.1689307244633281 0.1962835151610727 0.06919626679082498
-0.0022755963515685798 -2.2891154235540707 -0.22093915041278828 0.35299877154975084 -1.0426014648079207 -0.1963919159347601 -1.7161693436205159 0.9545707151987726 0.9735787310713938 -1.7458809205024601 0.26497733873587603 -1.7600498748510156 0.9219760540395404 -2.143314598967508 -0.6479746506377102 -0.4803152597161924 -0.7165846231607944 -1.6069310229881255 0.46107118863214797 1.375198058998552 0.8744437956538617 0.32359514784898064
-0.1715809481522718 1.133650562850643 -1.5011876059397116 -0.19356228115047702 -1.3368652489124304 0.13219945790072435 -1.2459226023695464 -1.3397568053671085 1.4751923850276232 -1.8028259395767676 -0.08385672966710479 0.8748439918730687 -0.42417290027502913 0.2148207056747517 -0.8217502498579744 -0.36590025602861403 -2.473283904053737 1.4184102570595156 -0.18145239419627532 -0.8055871776069788 -0.3119856425962173 0.31843705251176685
-0.16125879639986423 0.9919398871174535 -0.98411397037384 -0.22081148744576545 0.24745350271384872 -0.1649842188741402 -1.818711306353019 -1.8036754457137163 -0.10861910424570065 0.9554205421324665 -0.6083494904017139 1.8859542137378889 0.661907548668062 -0.8329704264116928 -1.93575548030673 -1.6889979263658232 1.6528218761020887 0.4881975482909472 0.35605561358535354 0.4621864320057847 -1.511426365530095 -1.234905530831953
0.14208163134869456 0.11938570816778177 0.8174311848857154 0.12672576852403197 -0.010580157974378314 0.24069997031432014 -0.32100811245466354 1.1204283875060423 0.7126226000478539 0.04413593626190794 -0.596643691778942 -0.007249188311592236 -1.5615772494637137 -1.9740662729973384 -0.7915847780330638 -0.3107530366573665 -1.3067780888599223 -0.9963239276828048 -0.6091068952246621 -0.7669457212419863 0.5744577530356243 1.3397333364293467
-1.2463441729927949 -1.201698416111109 0.2517465203149883 -0.6801496712918712 0.31681171522376633 0.7026433253817717 -1.4237466711201148 -0.3922674722731781 -0.26570628899817955 -0.8170793344416728 1.2417954261615303 -0.7463027202281538 0.7161981280308805 -0.6088471026222609 -1.168659592561275 -0.2510789221074224 -1.0507439624824764 1.1507986006391016 -0.6642815352407851 1.0083418708749912 -0.0781491439959791 0.30561981863175475
0.2693980188926937 0.8378642123687937 0.07273905491321557 -0.14469325242690262 -2.2422948120647797 0.673740470824136 -0.8478809175755213 0.29668898146703127 -1.3625695325215337 -1.225534211246592 1.1360031265992017 1.053982475897959 0.9034133940719313 0.5795556977439299 1.3009856171768455 -0.4637177436034883 -0.9050738111680213 -0.6456035909396222 -0.37218616803271465 -1.1465301456378327 0.20570797459379198 -0.9408783260687973
0.30941184023102986 -0.5760922985889664 -0.5081507039264366 -1.5067614158839986 0.8806889816923462 1.6843590169888178 -2.3938252309686283 0.6823715628382906 1.7519943451133204 -0.19065805230692395 -0.4788474832875009 -0.08988705650947144 0.2889986013367127 0.22405954857953742 -1.9239203913868785 -0.07955501562486507 1.3479209323561312 -1.0160134190709607 1.2885321478970149 0.39147333946839974 0.36460413466136277 1.749257892155855
-0.9315153410352899 0.8764316649718048 -0.4567392621690379 -0.4508751138499326 -0.6623942103215776 -1.2928933662901567 0.19031877634444236 1.9453046812350108 -0.6719597761793927 -0.5547209832371008 -0.1538811258951884 -0.7760215825220779 1.1969765947910749 0.7040635936316966 -0.887347675975107 0.17055815022689405 1.1850165416782357 -0.8092693394396315 0.8620213715106474 1.4991377857288861 -1.0200042971379535 1.7641053726781226
-0.1640332054962558 -0.9597704893411965 -0.44711301070358134 -0.22477882162227467 1.0568032718896483 0.45520704194625994 -0.07917346064250864 0.1263543753431251 1.0931436121996265 1.3926639445469968 1.527286649851937 1.3327559526649038 2.683163307613623 0.19509873627416457 -0.06190719909514008 1.258408327487352 -1.2584872701692547 1.2445364203992253 0.5003634146392788 0.08207580884839756 0.7682536586464621 -0.160466819573666
0.22544301054222426 0.6443589225439164 0.24627154604507165 -1.4061167823013414 0.06546577995785893 1.3409995771390255 -2.28119993846689 0.2263087603675646 0.2562311180663941 -0.7934826343512427 -0.3209579669319208 0.04647383190526104 1.3101586105297547 0.9536159344347616 -0.231815860416243 -0.3822030857042406 0.08045214084146975 -0.9621055128433669 -0.13037548493004927 -1.3961049761701245 0.23456424161504624 -2.2299666146286894
