9 9
-132.51656460412292 2270.260851882226 -1709.9575466491292 1068.1203057648293 701.6761608599087 589.2794004774735 239.11530601965805 7.228629021706407 -151.17416830826133 1380.305502268024 -1396.0013207765962 2033.917867309218 162.7834340116716 1772.9389658456237 -3425.276348371351 2023.747371071627 -495.614471945461 504.48712827300386
636.4009773715695 253.59089538680047 392.11239542604676 -471.2445657093631 -525.145554073987 2002.849562502123 -101.49953378588437 1798.122107466743 -695.6875139371733 185.79267905493478 -53.50316653740731 -1706.0680061552157 552.2740817639575 -1757.949970604028 -296.4768002303752 512.5048075600832 2561.0492594500706 -1032.3061983017471
-256.19213393202597 -180.42154965152378 235.29235709227473 -1114.1668712346707 -1682.3837960946207 763.6175435038723 -374.45287630685107 1205.7020183720508 890.2996222926666 483.6033799540362 -1378.6658929393557 -1162.8219783713773 -554.8007794617855 768.0830429297964 -14.984451085879618 -2127.523979671216 1531.1717502642903 -2656.9414800822187
-1504.5138705317918 378.0169494647336 -86.96708128429205 -300.79190111964306 -259.6456049346367 2116.888752861706 -1922.47994249366 1687.8171356323899 343.3663110662464 -115.53256962077737 -1214.5962625156312 1136.0191397055128 -367.4949277762465 -365.2019249222591 -294.86050415336683 -180.1208101028682 -116.33022137637342 909.8757175495431
671.0301087855178 979.0133519420338 -724.235370916552 3191.971650982056 699.3910764352011 961.019577861226 1240.5645460304995 462.9984151170691 -1394.467109080042 -101.06716925516899 -1020.6547440813258 -133.5917601431709 -270.49940482934636 -400.06348282059207 -524.084929476828 -1647.09035305385 263.4004651616986 -1799.8644696406277
-303.6590332726611 -1470.8146605043676 -1676.9895751684953 -456.6240397976036 1847.413764599354 -2042.9763332913067 543.0678367797262 35.26543416433039 -458.84650256992154 1615.0359300091043 992.9279969313112 192.92857407374777 -1200.7567378720735 2227.618730377681 297.87448480422927 534.3688578791467 -745.9877376123081 -1277.0944362928203
2284.452905879595 -1288.6764820300468 -39.005288699515695 404.81450189938846 555.3816819977226 -757.0441587498085 315.93075707506017 -240.65551835274152 558.4510978800095 -954.9673249010094 -1802.7915032662559 -839.627655001695 -656.9433047558649 -992.2693368356199 -247.11593453306673 -460.0205631891774 -520.3403235421737 691.9612231542143
-1720.5503331645489 2712.3733172964553 -1837.6939651468276 -1819.8928483017523 416.16556506837054 480.75387809367703 245.4995857681214 -668.8083006541187 -88.94325444303325 -2246.745236750468 -706.3422502428103 538.6570113554052 1087.7819159532028 775.5782194867687 -91.69776969808667 594.9828428847013 711.3568835973246 -31.28713163732489
98.32715397419534 -461.7736811584424 2516.46732241291 260.1613738112175 827.6128529939147 -2899.1213654520243 -2035.0543721984182 -1130.2277603981129 -204.070778272711 -161.7762624371858 365.5774583743078 1859.4162183890035 -1373.6749576397565 1643.5823894104649 1095.6987682613074 -250.9311177022112 30.078477719002635 -1301.7312634195857
