11 11
0.0004761653400263133 -0.00018947858999099852 -0.0014764291160730412 0.00174934606807906 0.0005990853960542179 -0.000977599257699684 0.000515687689400286 -0.000862563241781096 0.00018558041049876619 2.2027378086038888e-07 -0.0017274119777653813 0.0001161926844071351 0.0007458139151314497 -0.00046728292815807645 -0.00013447761957840966 0.0006399482738481257 -0.00014784945069647244 -0.0012704305702706047 -0.0007437606406014149 0.0006283998680838418 0.0005875357401233271 -0.00034759851285935125
-0.0001868459138507565 -0.0005710689892868271 5.8424469147032944e-05 -0.0004123212610400357 -0.001272867857150506 -0.0008190470091174613 -0.0008949425473957755 -0.00046509768493697615 0.0007068448369145126 0.0004296784134198126 -0.0002456180889761504 0.0006823867233591588 -3.7580054576528304e-05 0.00015752728939954596 -0.0013593374504210266 0.0008250750257888967 -0.0006397951793735046 5.060879712393825e-05 -0.00048677738567539535 -0.0001161177841045317 -0.0007174864335372287 0.0012341099211783915
0.00016262200034224288 0.0009646931070861362 -0.000923944730685372 -0.0005214534818206543 -0.0009373257120599244 -0.0009623439613414197 8.297712635305256e-05 0.0002856008140483015 0.00014697102702713327 -0.0001909134166753795 0.0006949662232595413 -0.00033331554739458007 -0.0012809661406835294 -0.0019598311133006588 0.0017586819574774099 -0.000720913415764518 -0.0013395318109433345 0.0005621333239859655 0.0011015401537784128 0.0003326498100524946 0.0009139666365064785 -0.000983478836368923
0.00015019541902616275 -4.046547560803549e-06 -0.0006976473760751184 -0.0018356825991857827 -0.001816029198998062 0.00022205714807058358 -0.0025529867577551743 0.00020788108151922194 0.0004762792376487081 -0.001063750002385834 -0.00134164716184492 -0.0006171800761873869 -0.0004573628060856438 -0.000773140133301925 -0.0013913026955823893 -0.0020640511126078145 0.0013987635118984632 -0.0013652443653960164 2.0844520643212505e-05 -0.0001476461005161223 -0.0015989658443646354 -0.001642679835767072
0.0005832135738053627 -0.0003992337417296027 -0.00038009328263220423 0.001962520020449977 -3.312298685631385e-05 0.002329222361432257 0.0005324223387197949 -0.0008007202853481225 0.0005734769789116764 0.0004253270572477321 -0.0007296003383763383 0.00045376405435640637 -0.0018316614767809201 5.954887378024957e-05 0.0012171738975161178 0.0012744890668122445 -0.0008713042538634651 -8.614362775378545e-06 0.0017332610968262153 -0.00036094568782966995 -0.000315199178772777 0.0007719576119085226
0.0006185853121738798 0.00022216949714590713 -0.0009311894124599385 0.0015168634843416653 0.0004994528086011452 -0.0007231395807223497 0.0007496737069381498 -0.0018343668476925048 -0.0004610083215781427 -0.0003788239341785124 0.0004689961175006796 0.0013707903823797888 0.0015478572691221897 -7.429695531279211e-05 -0.0004241495881504201 -0.00023973260531379414 -0.0006176216060503817 0.000494401101522426 0.0020267182193612044 -3.544290463603128e-05 -0.00021554292894751236 -0.00024231194640330484
0.0002187602099615516 -0.0005924010789994944 -0.0006755949921741036 0.0022332507071349704 -0.00018603403065260127 -0.0004375636232063574 -3.035946433693943e-05 0.0010635034730481206 -0.0024660885679377957 0.000503853481991314 0.00015554847043951274 0.000927059451335451 0.0010643287075701004 0.00013872623983291713 0.0003653814465579599 1.4807815350516008e-05 0.0013690684168460136 0.00023261595463330902 0.002177882549702225 0.0015793215163235098 0.0016164008291617556 0.00011466165286760092
0.0011601397226296724 -0.0006661461733387017 -0.000805025934857985 -5.0071356995026696e-05 -0.0008642286752013809 -0.0002495300933016195 -0.0025686297934783817 4.476894973971437e-05 -0.0008056300356294129 -0.0002722758826947043 -0.0010555896414797409 -0.0005608354279222943 0.000696313512751879 0.001192788838727487 -0.0015227462284835784 -0.0011785765128087147 -0.0005688043602959001 -0.0007020951362711575 0.0007633396647699696 -0.0010023654903168757 -0.00042352453765548984 0.00014298516659454476
-0.0020085001597151533 0.00015742994764332636 -0.0015832875377326402 0.0007674121497947994 -0.0009779068955948795 -0.0026781932400278593 0.0015786533943846785 0.0006913830057765763 -0.0016413285082104555 -7.981898604544e-05 -6.228849756097461e-05 -0.0015570871642261671 -0.0011081478856151293 -8.927969479708454e-05 0.00037641297915345733 0.0016454444313743642 0.00038500502149930874 0.001382371947497641 -0.00016079178195327413 -0.0017626137165398638 -0.0005582721969896769 0.0007876875769477979
0.000546513846237425 0.00023945222249488636 0.00123857360946908 -0.0007547792766013 -0.0006577559544913934 0.0004992522172363931 0.0005700750285889493 -0.00012412235767656445 -0.0009599506488090497 0.0001941950076410381 0.00014152112561375313 -0.001199164316358083 -0.0010232786816062713 0.0006371457119853491 0.001237717795751481 0.0005306798750270554 0.0016250813884450743 -0.0005912744087736545 0.00043557373624431895 0.00025956792059451803 -0.000999112189951524 0.000983809790278588
0.00019470337202115044 7.352508813573491e-05 0.0008772772230738588 0.00031583293898001705 -3.3476999784729936e-05 -0.00044454076088022525 -0.0019515506323610767 -2.9179750340643513e-05 0.0013024494358440486 -0.0006546087303361965 0.00013711393050465652 -0.00028409599136449494 -0.00044879632196193287 0.0008521441525181895 0.001405767497514288 -0.0011030217999722953 0.0003563255655677154 -0.0020063670211141723 0.000484217245284336 0.0006176543884544264 -0.0012571793074777785 0.001856682976345901
